17.234859
17.239988
17.311125
17.365351
17.325979
17.334943
17.205374
17.238512
17.224042
17.236893
17.294317
17.277883
17.312975
17.209529
17.158402
17.194822
17.187911
17.218667
17.189277
17.246542
17.194780
17.133007
17.044955
17.016758
17.143253
17.017408
17.031385
17.024932
16.991535
16.897965
16.848167
16.856774
16.844134
16.924171
16.886059
16.921075
17.010416
17.082379
17.023274
16.935771
17.003890
17.160393
17.133228
17.198399
17.231827
17.039722
16.968735
16.922027
17.037388
17.097916
17.149135
17.128010
17.209534
17.251715
17.298005
17.209429
17.188482
17.185391
17.182513
17.274508
17.295595
17.160619
17.168906
17.194690
17.252144
17.325849
17.400419
17.295975
17.305590
17.318862
17.283881
17.334643
17.308809
17.286559
17.381733
17.425644
17.573031
17.617006
17.541141
17.478794
17.481302
17.435257
17.407244
17.359204
17.389894
17.481594
17.441519
17.440695
17.292420
17.316468
17.160944
17.023678
17.090882
17.110159
17.160257
17.198782
17.085096
17.121385
17.153336
17.136459
17.179543
17.169303
17.182555
17.154534
17.312321
17.407249
17.433701
17.422576
17.345955
17.375664
17.349202
17.348955
17.238461
17.258318
17.235788
17.158500
17.224450
17.192020
17.166511
16.961837
17.006945
17.087328
17.063005
17.051668
17.087697
17.048934
17.062599
17.015182
17.013754
16.916208
17.059640
16.971805
17.049492
17.046927
17.056383
17.140719
17.146969
17.170152
17.188005
17.222205
17.059044
17.100830
17.177381
17.078078
17.094364
17.122098
17.100137
17.089308
17.267066
17.142416
17.161283
17.109007
17.105214
17.024226
17.000698
17.137394
17.164395
17.100937
17.111973
17.155065
17.243730
17.257298
17.299931
17.316177
17.225458
17.315236
17.369464
17.280974
17.387709
17.379315
17.339460
17.337522
17.381383
17.314466
17.335862
17.214460
17.172520
17.141414
17.156349
17.308019
17.303614
17.228344
17.217381
17.240741
17.245768
17.171370
17.052892
17.094023
17.056825
17.130667
17.045726
16.895153
16.825577
16.762748
16.623147
16.686953
16.675170
16.703711
16.588538
16.539018
16.682325
16.792919
16.777298
16.947590
17.095652
17.090858
17.096145
17.034960
17.011364
17.091697
17.046900
17.038062
16.980427
16.967659
16.893915
16.914958
16.933013
16.910132
16.890398
16.825334
16.706333
16.573407
16.692564
16.757921
16.792249
16.753811
16.815645
16.876756
16.988667
17.034625
17.062561
17.044909
17.092027
17.005395
16.857421
16.870189
16.956663
16.833683
16.718032
16.801891
16.758794
16.788397
16.695175
16.794061
16.821649
16.868698
17.097975
17.093943
17.170754
17.282719
17.288076
17.358706
17.284488
17.368648
17.366553
17.371293
17.327409
17.329967
17.313891
17.297078
17.169844
17.251343
17.290734
17.289232
17.246533
17.322484
17.347717
17.406156
17.406014
17.476016
17.386803
17.290374
17.349298
17.307192
17.316686
17.379081
17.373279
17.293175
17.188228
17.349310
17.360804
17.385183
17.475483
17.407748
17.396797
17.367062
17.470614
17.379993
17.299071
17.278966
17.279165
17.317975
17.344798
17.350177
17.383155
17.249336
17.234695
17.167498
17.151812
17.107002
17.166598
17.122032
17.276809
17.235896
17.245420
17.264662
17.337374
17.240567
17.229969
17.196578
17.343260
17.529455
17.512810
17.494138
17.466681
17.492838
17.355115
17.388667
17.430979
17.358859
17.151240
17.207985
17.356304
17.305762
17.414415
17.495896
17.510195
17.460703
17.392719
17.335715
17.298266
17.331215
17.443921
17.448634
17.435680
17.480047
17.450814
17.389181
17.375188
17.355309
17.440624
17.300960
17.383241
17.338113
17.424753
17.401735
17.416212
17.496769
17.474121
17.457239
17.432293
17.357483
17.265853
17.141724
17.092469
17.073297
17.199144
17.180314
17.176299
17.178743
17.306197
17.317825
17.374073
17.378872
17.271795
17.193736
17.107504
17.168020
17.201855
17.177576
17.170325
17.085643
17.311360
17.304750
17.282350
17.192100
17.320649
17.235308
17.285495
17.201635
17.217913
17.216984
17.375961
17.428976
17.289977
17.251214
17.166579
17.169654
17.265567
17.233368
17.289043
17.337757
17.274052
17.281608
17.287961
17.178829
17.306581
17.309587
17.418856
17.492604
17.555145
17.521831
17.585466
17.610937
17.616558
17.442188
17.397808
17.413222
17.393656
17.313068
17.305997
17.372743
17.413565
17.434577
17.335619
17.466770
17.471129
17.491032
17.521703
17.579226
17.561682
17.650175
17.561916
17.503849
17.501655
17.514820
17.430953
17.476638
17.406172
17.419183
17.417099
17.467436
17.566919
17.565888
17.545586
17.420448
17.329552
17.314931
17.307732
17.290532
17.373020
17.413642
17.388751
17.371759
17.419907
17.442175
17.496526
17.449852
17.434886
17.428656
17.430178
17.502575
17.475538
17.483467
17.466792
17.454940
17.406434
17.351942
17.369152
17.386509
17.436619
17.348580
17.371630
17.461953
17.452350
17.450192
17.317618
17.353152
17.261937
17.273744
17.273368
17.265160
17.264689
17.273815
17.248595
17.154734
17.194988
17.111910
17.187003
16.986990
16.943991
17.166189
17.197856
17.239527
17.270480
17.217631
17.218314
17.249567
17.336715
17.256535
17.282628
17.219985
17.235668
17.152353
17.157439
17.219869
17.147633
17.097775
17.125741
17.074750
17.038235
17.029272
17.152454
17.204709
17.121154
17.183248
17.147433
17.136227
17.120142
17.177629
17.307070
17.345830
17.333642
17.338626
17.331521
17.329937
17.395565
17.359572
17.426433
17.424852
17.460896
17.371983
17.353490
17.322810
17.324939
17.296244
17.275858
17.124088
17.000402
16.919917
16.896114
16.866548
17.003863
17.026482
17.046855
17.054046
17.017153
16.950772
17.076398
17.128759
17.104994
17.249561
17.289464
17.335608
17.322944
17.270132
17.117987
17.066261
17.078412
17.196366
17.236702
17.243105
17.341980
17.216561
17.247293
17.179407
17.094019
17.003045
17.058190
16.959492
17.023368
17.027185
17.194338
17.230335
17.218904
17.264932
17.264672
17.223803
17.303218
17.230267
17.229309
17.242080
17.303971
17.270283
17.246425
17.187665
17.242189
17.221207
17.300520
17.293361
17.288332
17.220355
17.218950
17.175260
17.226206
17.164440
17.009295
16.977399
17.065991
17.071140
17.076176
17.064368
17.098682
17.021395
16.983929
17.041977
16.995963
17.029560
17.013636
17.007004
17.141551
17.078723
17.127248
17.185148
17.172183
17.191590
17.159304
17.155485
17.208623
17.109415
17.119637
17.182549
17.273123
17.279873
17.315070
17.329327
17.397046
17.414481
17.383856
17.447034
17.505271
17.324539
17.366695
17.406586
17.383804
17.370658
17.392000
17.411258
17.432487
17.412100
17.355677
17.347197
17.384290
17.408295
17.309291
17.174305
17.175876
17.191433
17.131760
16.990656
17.075535
17.051406
17.011774
17.093325
17.157493
17.013627
17.030251
17.032382
16.996085
16.975555
16.964011
16.959953
17.086794
17.169079
17.071516
16.891388
16.981789
17.039756
17.066764
16.992453
17.079446
17.156534
17.195682
17.232713
17.278400
17.347002
17.295303
17.391912
17.369768
17.332769
17.410299
17.490191
17.493116
17.490494
17.675637
17.550164
17.423433
17.424484
17.405488
17.409532
17.414541
17.415898
17.485216
17.393162
17.454677
17.391942
17.346562
17.322143
17.399274
17.384386
17.312048
17.361574
17.346164
17.148404
17.079630
16.928409
17.036872
17.091509
17.109458
17.082320
17.212822
17.189495
17.241645
17.198028
17.241920
17.223077
17.181562
17.166099
17.151844
17.208251
17.199833
17.106297
17.118303
17.095520
17.152261
17.140632
17.085848
17.056262
17.057246
17.086664
17.041802
17.064465
16.964194
16.955484
16.893197
17.039030
16.881811
16.863923
16.894511
16.929763
16.942798
16.919151
17.047318
17.060027
17.017769
17.010517
17.068264
17.111426
17.080241
17.214105
17.260708
17.277827
17.322943
17.366288
17.345839
17.304752
17.408958
17.328913
17.327810
17.285982
17.337353
17.394598
17.394639
17.263564
17.290138
17.219606
17.345610
17.330651
17.317039
17.126750
17.056631
16.988308
16.846775
16.872458
16.776856
16.801318
16.796167
16.753150
16.730374
16.684848
16.596893
16.535887
16.540739
16.416961
16.416725
16.380457
16.257699
16.147103
16.185065
16.177216
16.107789
16.117590
16.096535
15.907396
15.985420
16.041029
16.049322
16.103103
16.228915
16.168217
16.183229
16.158685
16.226376
16.203406
16.183123
16.097434
16.060617
16.040134
16.010040
15.983118
15.959483
15.985989
16.153205
16.120903
16.217677
16.239263
16.242903
16.165096
16.468270
16.449778
16.574937
16.642367
16.663570
16.628225
16.829362
16.791025
16.829138
16.869088
16.835692
16.911459
16.833711
16.725576
16.868874
16.869630
16.855289
16.805350
16.778924
16.751281
16.712675
16.648131
16.640399
16.549260
16.448217
16.570315
16.496058
16.514429
16.541795
16.426746
16.621361
16.611072
16.628883
16.593515
16.635460
16.471851
16.384610
16.391891
16.381572
16.486092
16.722312
16.789947
16.854286
16.852718
16.740113
16.802712
16.656426
17.234074
17.255756
17.326797
17.322535
17.319955
17.338565
17.365404
17.326442
17.403505
17.382962
17.408825
17.281174
17.237837
17.287596
17.248606
17.289239
17.254512
17.121635
17.099166
17.168010
17.355836
17.301811
17.267941
17.241115
17.242086
17.291230
17.105843
17.161523
17.121745
17.108355
17.036020
17.043010
16.976951
17.056137
17.138396
17.126616
17.155367
17.143798
17.044801
17.099490
17.065579
17.054532
17.052403
17.118013
17.118680
17.075610
17.023474
17.110476
17.129288
16.998401
17.114964
17.063370
17.226294
17.323065
17.328130
17.133700
17.102685
17.191845
17.304896
17.333616
17.339331
17.303330
17.404613
17.404827
17.350612
17.373562
17.444181
17.386760
17.393619
17.402501
17.459337
17.482089
17.606818
17.518340
17.556168
17.516394
17.589297
17.574400
17.587068
17.509757
17.417705
17.384027
17.497447
17.415946
17.418271
17.337671
17.209652
17.131217
17.154345
17.145630
17.005165
17.002991
16.926888
16.940681
17.122895
17.084436
17.195298
17.197086
17.164158
17.309466
17.374999
17.386128
17.392973
17.399564
17.391014
17.433080
17.383425
17.352284
17.379043
17.413468
17.358180
17.476174
17.553132
17.508962
17.370674
17.274071
17.396704
17.166670
17.113100
17.069410
17.010207
16.956528
17.081145
17.078891
17.097157
17.185438
17.157125
17.109931
17.178908
17.246989
17.274502
17.185510
17.171002
17.063511
17.110195
17.105832
17.089180
17.126854
17.221913
17.318863
17.231963
17.129500
17.102093
16.983563
16.874684
16.866946
16.847691
16.938692
16.895363
16.904408
16.934500
16.930410
16.997117
17.067185
17.146527
17.239404
17.382062
17.372837
17.285410
17.198985
17.316098
17.275943
17.269999
17.250458
17.270859
17.345527
17.312228
17.255063
17.219111
17.272885
17.247974
17.223668
17.240564
17.173875
17.102916
17.261722
17.189896
17.218868
17.263307
17.135051
17.193112
17.178839
17.108434
17.129524
17.213101
17.178285
17.245863
17.323303
17.315568
17.317611
17.340396
17.317058
17.412666
17.398384
17.305261
17.209055
17.217825
17.353958
17.367243
17.420236
17.246814
17.253544
17.214930
17.186531
17.180296
17.269774
17.323086
17.377109
17.314662
17.324037
17.329558
17.315000
17.204317
17.113897
17.099742
17.098857
17.004215
17.083377
17.054673
17.230267
17.199151
17.120249
17.041492
17.073307
17.088888
17.130042
17.093825
17.133423
17.114779
17.187044
17.160330
17.103153
17.163463
17.092919
17.176483
17.188893
17.259298
17.326234
17.267767
17.184176
17.187758
17.095398
17.086881
17.066324
17.155811
17.145707
17.219910
17.210647
17.144643
16.989896
16.842031
16.914355
16.903188
16.891115
16.865224
16.623645
16.607527
16.600911
16.828493
16.894900
17.069637
16.958357
16.985685
16.948413
16.884921
16.829193
16.820474
16.796763
16.666983
16.548523
16.591856
16.571098
16.630129
16.741316
16.776180
16.745307
16.748445
16.984159
17.084742
17.024978
16.802768
16.759565
16.679253
16.788361
16.804049
16.825194
16.868013
17.042192
17.028733
17.173519
17.091226
17.067178
17.139636
17.145213
16.871101
16.900935
17.010251
16.962071
16.939728
16.922022
17.057465
17.098081
17.103145
17.082933
17.142227
17.116324
17.107118
17.093679
17.112925
17.033064
17.059777
17.213094
17.274262
17.275580
17.337969
17.404916
17.386608
17.465858
17.413142
17.381247
17.397970
17.387492
17.434349
17.356102
17.348062
17.381137
17.369038
17.267045
17.151620
16.995418
17.015756
17.071297
17.054034
16.971949
16.949355
16.877017
16.853178
16.856849
16.868582
16.907295
16.853021
16.952179
16.875538
16.816231
16.929885
16.980193
16.954929
17.169750
17.148693
17.213606
17.285855
17.246195
17.162192
17.174601
17.161250
17.128441
17.231936
17.201265
17.109972
17.150618
17.142797
17.172012
17.126959
17.123358
17.132645
17.305237
17.347383
17.375159
17.339286
17.378918
17.358809
17.395149
17.404668
17.400932
17.370927
17.518807
17.485173
17.456348
17.481117
17.391540
17.314637
17.244647
17.160601
17.204471
17.094148
17.219695
17.223582
17.235917
17.072037
16.876890
16.856811
16.862645
16.898759
16.821155
16.867476
16.851247
16.687903
16.814219
16.867434
16.830069
16.757419
16.801689
16.777029
16.860690
16.794054
16.820003
16.832341
16.798797
16.692217
16.659980
16.590202
16.605532
16.636830
16.434681
16.414357
16.374529
16.491173
16.524452
16.568707
16.583407
16.586320
16.645739
16.664696
16.772780
16.709412
16.707810
16.855218
16.901524
16.872685
16.815516
16.769432
16.824287
16.813266
16.613197
16.568989
16.572755
16.582144
16.451712
16.408717
16.435032
16.437631
16.505077
16.414473
16.403399
16.467198
16.477442
16.541001
16.628016
16.612714
16.719482
16.775372
16.747038
16.798721
16.774322
16.850844
16.648068
16.619286
16.639554
16.623934
16.704622
16.705910
16.765771
16.772962
17.024096
16.959353
16.860944
16.845662
16.767584
16.739531
16.796642
16.805512
16.780022
16.779025
16.788654
16.738760
16.845448
16.902463
16.837994
17.025891
17.024625
17.065229
17.020988
17.002662
17.040518
16.952788
16.907139
16.860669
16.928859
16.861680
17.014810
17.171054
17.161398
17.274705
17.154801
17.120523
17.062245
17.119007
17.176809
17.154627
17.236213
17.285062
17.378325
17.339056
17.357660
17.300782
17.243178
17.248332
17.376764
17.488896
17.433947
17.394524
17.337462
17.358870
17.249761
17.244880
17.369602
17.381752
17.339288
17.348532
17.313025
17.441184
17.374004
17.312533
17.404330
17.369303
17.387247
17.368389
17.353192
17.341021
17.210516
17.212837
17.221267
17.402454
17.371595
17.361121
17.290512
17.242189
17.234262
17.056366
16.863189
16.904199
16.797484
16.802965
16.846941
16.876728
16.933201
16.999604
16.977399
17.065991
17.071140
17.166288
17.211293
17.175400
17.218850
17.121592
17.060996
17.183132
17.289837
17.313995
17.246288
17.180906
17.222262
17.251742
17.188479
17.226808
17.141075
17.006948
16.964841
16.937028
16.982769
17.055445
16.885759
16.906924
16.941484
16.933714
16.970880
17.014648
17.039874
17.137320
17.059902
17.257575
17.276437
17.280333
17.257197
17.404854
17.429131
17.446054
17.436778
17.310828
17.311891
17.207438
17.168582
17.229919
17.315745
17.350431
17.413257
17.359224
17.352014
17.503328
17.534335
17.474587
17.494495
17.516360
17.374687
17.335233
17.368773
17.507849
17.565708
17.488252
17.495619
17.498465
17.521420
17.479730
17.480195
17.500732
17.436342
17.427948
17.536955
17.548110
17.486627
17.437258
17.526043
17.579756
17.482871
17.252365
17.327170
17.519099
17.489339
17.474612
17.546839
17.547975
17.584567
17.557369
17.577027
17.557187
17.465339
17.458852
17.373349
17.229487
17.204308
17.199652
17.153892
17.086390
17.155026
17.238044
17.263771
17.237299
17.090945
17.011950
16.914299
16.923990
16.861873
16.821531
16.822111
16.807239
16.839760
16.910121
16.855658
16.921086
16.990786
17.125246
17.122853
17.184608
17.339854
17.352769
17.347142
17.328655
17.365845
17.461939
17.462519
17.486765
17.572389
17.553449
17.535038
17.589532
17.528001
17.536807
17.419405
17.547515
17.469195
17.501833
17.459018
17.474342
17.453509
17.518738
17.451025
17.463197
17.399264
17.346956
17.401616
17.431130
17.378648
17.374614
17.364340
17.188216
17.175169
17.139170
17.202106
17.133334
17.090113
17.068421
17.046843
17.093370
17.152075
17.175766
17.087343
16.884790
16.892664
16.918399
17.097855
17.144388
17.117465
17.086600
17.096500
17.033915
17.149646
17.104216
17.079232
17.033382
17.037556
17.061337
17.289598
17.247455
17.217560
17.104140
17.221823
17.245579
17.240027
17.193024
17.189328
17.200324
17.311546
17.230552
17.097182
16.956967
16.841189
16.872048
16.855519
16.857535
16.893459
16.916484
16.851082
16.755930
16.734593
16.801527
16.815062
16.851756
16.869020
16.832005
16.861644
16.841475
16.818552
16.792622
16.754926
16.830959
16.806809
16.872888
16.782492
16.855803
16.795156
16.848752
16.856377
16.893071
16.802963
16.868966
16.919634
16.951420
16.946078
16.958257
16.999435
17.019706
16.943981
16.897150
16.937187
16.923741
17.044984
16.999799
17.080837
17.075956
17.034096
17.091792
17.064791
17.048336
16.988004
16.894895
16.882812
16.883873
16.841189
16.872048
16.855519
16.857535
16.893459
16.916484
16.851082
16.755930
16.734593
16.801527
16.815062
16.851756
16.869020
16.832005
16.861644
16.841475
16.818552
16.792622
16.754926
16.830959
16.806809
16.872888
16.992307
17.000717
17.018816
17.081137
17.065547
17.078869
17.098104
17.191820
17.103692
17.005109
16.946078
16.958257
16.999435
17.019706
16.943981
16.897150
16.937187
16.923741
17.044984
16.999799
17.080837
17.075956
17.034096
17.111774
17.064791
17.057805
16.988004
16.894895
16.882812
16.883873
16.894174
16.946678
16.897944
16.883168
16.928324
16.983407
16.929172
16.928008
16.951552
17.112670
17.159516
17.172059
17.129296
17.127168
17.105012
17.121691
16.978470
16.969943
16.930541
16.958699
17.044694
17.174401
16.992307
17.021794
17.036313
17.117345
17.173193
17.239614
17.179530
17.122621
17.024381
17.037830
17.086301
17.040226
17.005486
16.981839
17.100937
17.134399
17.205123
17.139378
17.091269
17.082656
16.956445
17.053989
17.147731
17.085250
17.179882
17.127124
17.295159
17.300324
17.246043
17.215349
17.321059
17.314538
17.362123
17.302308
17.230031
17.239033
17.340072
17.311630
17.305106
17.317666
17.453537
17.456436
17.367809
17.330052
17.201426
17.226682
17.399884
17.440363
17.421346
17.366209
17.339192
17.388922
17.402858
17.285759
17.396251
17.459939
17.406400
17.418233
17.417473
17.449942
17.380100
17.376739
17.364125
17.263848
17.307542
17.284895
17.198159
17.312676
17.227130
17.324931
17.267383
17.190929
17.268045
17.143086
17.198686
17.085952
17.098116
17.106787
17.209924
17.169423
17.163608
17.198352
17.306223
17.291710
17.305123
17.221240
17.179055
17.283165
17.304740
17.324600
17.234007
17.375388
17.326585
17.442711
17.480315
17.407971
17.357190
17.360450
17.247281
17.225083
17.197104
17.226204
17.179011
17.229839
17.127058
17.316215
17.192548
17.270570
17.305590
17.357927
17.374351
17.464414
17.377458
17.391514
17.402547
17.452367
17.319016
17.282919
17.226115
17.161556
17.140379
17.378241
17.361584
17.373254
17.480604
17.465950
17.491673
17.553246
17.517894
17.443988
17.417845
17.344409
17.302912
17.299583
17.342602
17.334467
17.377283
17.225039
17.251302
17.292569
17.272903
17.317940
17.193176
17.054633
17.076518
17.072665
17.131182
17.098360
17.163954
17.238845
17.195821
17.316394
17.242430
17.263870
17.256569
17.209161
17.265585
17.344251
17.351900
17.311919
17.301527
17.296916
17.182822
17.124912
17.118800
17.026368
16.839591
16.975694
16.892031
16.943516
17.013816
17.011172
17.082778
17.109037
17.078317
17.074964
17.037573
16.894004
16.937684
16.942997
16.990999
17.007402
16.993080
17.036806
17.066865
17.013665
16.852116
16.924255
16.877458
16.862680
16.913217
16.972555
17.138678
17.115836
17.114561
17.126565
17.151631
17.170893
17.100197
17.150384
17.038592
17.049974
17.108618
17.181004
17.180578
17.085156
17.173673
17.222324
17.086390
17.155026
17.029148
17.157911
17.168967
17.258978
17.401936
17.299948
17.272324
17.296374
17.225512
17.198938
17.162431
17.125426
17.268468
17.343984
17.349570
17.345599
17.369422
17.482698
17.427306
17.360316
17.371912
17.389268
17.398254
17.355238
17.394847
17.318231
17.372173
17.281674
17.208390
17.219880
17.256567
17.285390
17.357758
17.267203
17.197768
17.177380
17.366214
17.214291
17.233008
17.293547
17.265353
17.363214
17.364013
17.395172
17.398464
17.405018
17.384545
17.372347
17.283204
17.306874
17.210857
17.341982
17.382204
17.332074
17.284144
17.174584
17.063005
17.085518
17.120237
17.048934
17.062599
17.015182
17.013754
16.916208
17.059640
17.017184
17.138070
17.155104
17.121163
17.171479
17.146969
17.170152
17.188005
17.222205
17.139894
17.185722
17.329560
17.403540
17.275792
17.264015
17.367015
17.416369
17.447085
17.510052
17.486391
17.460535
17.460206
17.418999
17.340786
17.354604
17.372205
17.388939
17.327400
17.403118
17.380971
17.393206
17.349214
17.349501
17.260647
17.270196
17.244343
17.088040
17.093144
17.101162
16.937044
16.919821
16.992285
17.113267
16.877883
16.977695
17.014539
17.063228
16.966306
16.978652
16.982093
16.942524
16.909531
16.963406
16.966587
16.901652
16.972913
16.925548
16.848455
16.915807
16.932662
16.944368
16.880481
16.822442
16.772241
16.783168
16.873610
16.912497
16.856582
16.904645
16.809211
16.910283
16.890448
16.876608
16.875372
16.961697
16.940483
17.005100
16.955531
16.884791
17.064780
17.015136
16.981055
16.977682
17.001940
16.941667
16.949559
16.938706
17.051724
17.045249
16.913158
16.988751
16.979255
16.939230
17.009146
16.950230
16.866353
16.870009
16.734091
16.792156
16.962657
16.984159
16.985046
16.973177
16.992149
17.035254
17.015847
16.972947
17.024692
17.020087
17.040257
16.982337
16.917234
16.847315
16.883331
16.846382
16.831595
16.932596
16.971295
16.932294
16.826978
16.802967
16.923146
17.022255
17.015427
17.197778
17.274042
17.352285
17.465534
17.386823
17.235112
17.232302
17.238328
17.203002
17.252426
17.278315
17.281144
17.364333
17.239000
17.260443
17.085218
17.082234
17.037275
16.985813
17.145905
17.092707
16.985780
16.929356
17.074070
17.120783
17.107363
17.152548
17.130098
17.094179
17.172724
17.122642
17.183793
17.170645
17.228952
17.301005
17.259773
17.270839
17.109212
17.169396
17.059771
16.959805
16.817090
16.658186
16.637047
16.711273
16.762436
16.737111
16.695218
16.562132
16.622566
16.634615
16.631202
16.716006
16.730543
16.756694
16.827526
16.877516
16.974221
16.948222
16.819077
16.862850
16.873551
16.723945
16.811104
16.654174
16.839964
16.651165
16.758480
16.663869
16.631924
16.745115
16.699590
16.455577
16.557944
16.605670
16.668443
16.598583
16.587666
16.587175
16.633228
16.501974
16.509005
16.587230
16.663617
16.687073
16.800277
16.825157
16.950475
16.788458
16.911317
16.862999
16.930923
16.960839
16.946699
16.956028
16.984459
16.906127
17.058466
16.977880
16.956046
17.025800
17.008411
16.912373
16.961726
16.932282
17.121155
17.067126
17.036998
17.119521
17.237212
17.217996
17.207722
17.309736
17.314133
17.213528
17.313087
17.315978
17.299097
17.224583
17.272968
17.271638
17.093071
17.249458
17.246007
17.306741
17.417093
17.442098
17.430384
17.429380
17.441611
17.548908
17.529422
17.461363
17.480422
17.454204
17.468289
17.369520
17.413641
17.378331
17.401689
17.465316
17.484983
17.524965
17.455906
17.476529
17.528510
17.462834
17.381264
17.409913
17.412661
17.394862
17.386115
17.390131
17.405609
17.457832
17.469696
17.373017
17.397580
17.394007
17.380935
17.381606
17.430410
17.383613
17.376544
17.387044
17.319511
17.338963
17.349250
17.284488
17.444705
17.385910
17.458979
17.510917
17.499575
17.373871
17.393509
17.405302
17.393176
17.357390
17.344416
17.394713
17.492161
17.474170
17.592107
17.627914
17.602107
17.549460
17.586645
17.542740
17.570013
17.599344
17.499700
17.505224
17.554052
17.533690
17.561722
17.457671
17.334397
17.370484
17.232542
17.244842
17.291194
17.414876
17.336888
17.244073
17.227840
17.410084
17.373021
17.348984
17.234167
17.259731
17.274989
17.221522
17.243958
17.247556
17.311409
17.329046
17.381402
17.362500
17.445306
17.374451
17.314637
17.244647
17.219254
17.216194
17.221760
17.225150
17.223582
17.286226
17.331635
17.265627
17.347185
17.383397
17.376518
17.305829
17.309713
17.316492
17.272703
17.140776
17.230128
17.249506
17.222109
17.172644
17.095039
16.975111
16.968452
17.117740
17.179556
17.122216
17.196039
17.234506
17.170195
17.173078
17.105617
16.984620
16.970083
17.072176
17.045610
17.055289
17.110556
17.093961
17.192877
17.166468
17.036631
17.121059
17.087945
17.071103
17.124398
17.091905
17.127571
17.061079
17.139862
17.096766
17.235499
17.175504
17.228993
17.117560
17.123885
16.986829
17.052391
16.984662
16.954554
16.887512
16.959123
16.971300
16.971889
16.970609
17.026470
16.989252
17.028603
17.011713
17.129176
17.081127
16.989104
16.957219
17.039909
17.102397
17.091654
17.082377
17.076507
17.129021
17.121704
17.178053
17.253853
17.291203
17.311264
17.347455
17.431349
17.445507
17.470524
17.294164
17.393875
17.372397
17.470575
17.417150
17.371265
17.348593
17.232211
17.113049
17.131935
17.199306
17.148348
17.069721
16.870159
16.936112
16.977902
17.072838
17.103163
17.190463
17.187651
17.115092
17.095684
17.101980
17.051317
17.023827
17.052545
17.084437
16.973314
16.959840
16.826668
16.753268
16.773173
16.833137
16.847495
16.988949
16.939357
17.037883
17.109445
17.132287
17.183837
17.144244
16.918425
16.981372
16.983256
17.030273
16.992680
17.094571
17.112282
17.089838
17.035910
17.023514
17.053019
17.074145
17.078895
17.063862
17.007169
16.916791
16.842749
16.936135
16.862896
16.859008
16.894432
16.889147
16.921385
17.041747
17.063350
17.049289
16.989287
16.946583
16.855226
16.773279
16.697609
16.752350
16.825070
16.837953
17.031114
17.118841
17.057281
17.105639
17.184895
17.258288
17.258784
17.313544
17.268784
17.238116
17.258710
17.251009
17.230495
17.318179
17.189183
17.048234
17.122251
17.188009
17.167089
17.166507
17.128212
17.211512
17.293462
17.280437
17.299975
17.358145
17.343909
17.345117
17.299019
17.258713
17.164440
17.009295
17.125324
17.289022
17.256709
17.245458
17.226078
17.193412
17.021395
16.983929
17.079839
16.995963
17.029560
17.013636
17.007004
17.064222
17.063059
17.117624
16.960073
16.793618
16.675354
16.561131
16.488538
16.540979
16.493932
16.499187
16.385410
16.510247
16.400694
16.667734
16.702371
16.636616
16.632070
16.741907
16.724360
16.744471
16.756131
16.882213
16.910752
16.926195
17.010061
17.144040
17.223231
17.237283
17.262376
17.360152
17.350241
17.205374
17.238512
17.224042
17.236893
17.288729
17.260730
17.183870
17.164295
17.158402
17.184708
17.187911
17.218667
17.189277
17.252172
17.194780
17.133007
17.164230
17.351043
17.332647
17.431619
17.379300
17.370159
17.324579
17.264335
17.308785
17.397408
17.353828
17.389303
17.362176
17.263307
17.285981
17.325494
17.287927
17.297360
17.207301
17.197894
17.219936
17.251287
17.323331
17.325382
17.373492
17.454794
17.424763
17.385662
17.392897
17.294384
17.383866
17.351585
17.261744
17.425282
17.464298
17.495067
17.479135
17.403319
17.415936
17.270418
17.286271
17.237677
17.291376
17.493230
17.463563
17.348424
17.563790
17.629486
17.631899
17.556824
17.528146
17.563259
17.538672
17.435130
17.505901
17.488237
17.514699
17.520356
17.467702
17.465837
17.450639
17.381332
17.348399
17.345283
17.332444
17.405393
17.453654
17.495370
17.484871
17.523264
17.422121
17.544604
17.435953
17.348760
17.344899
17.305175
17.277555
17.308395
17.321142
17.339146
17.493085
17.458432
17.358463
17.324252
17.388846
17.364949
17.357104
17.429868
17.299975
17.284006
17.268218
17.345117
17.357156
17.343129
17.417964
17.355383
17.366647
17.448281
17.514648
17.420310
17.338894
17.329552
17.314931
17.307732
17.341181
17.499077
17.422093
17.388751
17.371759
17.419907
17.442175
17.339103
17.187758
17.039899
17.096861
17.149565
17.155811
17.145707
17.158727
17.159665
17.144643
16.989896
16.842031
16.914355
16.903188
16.891115
16.865224
16.623645
16.607527
16.600911
16.828493
16.894900
17.069637
16.958357
16.985685
16.948413
16.884921
16.829193
16.820474
16.796763
16.666983
16.548523
16.591856
16.571098
16.630129
16.741316
16.776180
16.745307
16.748445
16.802963
16.868966
16.919634
16.802768
16.759565
16.679253
16.788361
16.804049
16.825194
16.868013
17.015102
17.027218
17.173519
17.091226
17.067178
17.139636
17.066970
16.871101
16.900935
17.010251
16.962071
16.939728
16.922022
17.057465
17.064462
17.103145
17.076994
17.082017
17.008301
16.978435
16.932069
17.022781
17.033064
17.059777
17.102676
17.038416
16.980446
17.027365
17.045062
16.916800
16.849078
16.809897
16.835471
16.782088
16.786454
17.002850
16.797458
16.719574
16.800681
16.782491
16.812443
16.768317
16.840074
16.874277
16.936251
17.070655
17.122744
17.090742
17.187215
17.179683
17.153327
17.213897
17.189348
17.265435
17.256532
17.199431
17.145627
17.172671
17.173732
17.239774
17.143984
17.306739
17.265658
17.285614
17.314542
17.216430
17.266114
17.300821
17.269898
17.288249
17.288211
17.229764
17.083648
17.065522
17.075003
17.043790
17.041600
17.029811
17.016885
16.931379
16.882882
17.035017
16.951742
16.919513
16.991227
17.034471
17.130894
17.020965
17.017704
17.075409
17.071659
16.885546
16.819252
16.888244
16.929192
17.012117
17.004932
17.037124
17.017945
17.034429
17.046025
17.023678
16.958593
17.002157
17.092919
16.973935
16.864538
16.794349
16.805053
16.814498
16.859857
16.920702
16.950255
16.947276
17.051707
17.054564
17.130019
17.125934
17.130757
17.072445
17.077322
17.103229
17.115225
17.236906
17.190318
17.223151
17.245344
17.198672
17.197141
17.234219
17.160526
17.087328
17.117014
17.134064
17.149559
17.164238
17.121663
17.162459
17.159859
17.166511
16.961837
17.006945
17.102640
17.072835
17.051668
17.087697
17.170024
17.259889
17.199185
17.168013
17.048204
17.100830
16.971805
17.049492
17.046927
17.056383
17.100137
17.089308
17.267066
17.142416
17.161283
17.109007
17.105214
17.024226
17.000698
17.137394
17.164395
17.100937
17.164106
17.155065
17.283569
17.306165
17.275695
17.264108
17.225458
17.267568
17.369464
17.280974
17.387709
17.431511
17.392526
17.292085
17.394356
17.507732
17.359978
17.488773
17.366799
17.352203
17.524986
17.530999
17.485261
17.498853
17.466740
17.456455
17.441828
17.382970
17.478710
17.487772
17.490266
17.490533
17.537761
17.515331
17.455972
17.334375
17.259042
17.178057
17.225025
17.324028
17.298949
17.222508
17.080672
17.073081
17.107422
17.037914
17.078506
17.106555
17.130715
17.198287
17.106598
17.128738
17.134145
17.095031
17.144394
17.117909
17.158838
17.139963
17.226888
17.217346
17.353728
17.201128
17.202712
17.170826
17.171857
17.278879
17.366376
17.445590
17.389339
17.323199
17.331226
17.242295
17.221687
17.169597
17.190544
17.188868
17.218194
17.120553
17.210609
17.344113
17.347452
17.315214
17.254088
17.338451
17.323790
17.258056
17.256277
17.091697
17.046900
17.093327
17.149337
17.064462
17.103193
17.076994
17.082017
17.008301
16.978435
16.932069
17.022781
17.129641
17.133024
17.102676
17.038416
16.980446
17.027365
17.045062
16.916800
16.849078
16.809897
16.835471
16.782088
16.786454
16.832327
16.797458
16.719574
16.800681
16.782491
16.812443
16.768317
16.840074
16.874277
16.936251
16.919603
16.832680
16.777770
16.689961
16.551365
16.457317
16.534649
16.536537
16.620495
16.825339
16.984829
17.145627
17.172671
17.173732
17.207610
17.143984
17.267836
17.193782
17.246554
17.241038
17.216430
17.265967
17.278252
17.238044
17.255956
17.288211
17.229764
17.083648
17.065522
17.075003
17.043790
17.041600
17.029811
17.016885
16.931379
16.882882
17.035017
16.951742
16.919513
16.991227
17.034471
17.130894
17.020965
17.017704
17.075409
17.071659
16.885546
16.819252
16.888244
16.929192
17.012117
17.004932
17.037124
17.017945
17.034429
17.046025
17.045404
16.958593
17.002157
17.092919
16.973935
16.864538
16.794349
16.805053
16.814498
16.859857
16.920702
16.950255
16.947276
17.051707
17.054564
17.130019
17.125934
17.130757
17.072445
17.077322
17.094746
17.091883
17.135281
17.144016
17.222548
17.149467
17.198672
17.197141
17.353755
17.399284
17.334467
17.433444
17.418950
17.413760
17.339824
17.306109
17.247892
17.249856
17.277900
17.175118
17.150373
17.229748
17.289391
17.295293
17.283614
17.288259
17.071764
17.079839
17.075625
17.028745
17.156804
17.259059
17.273756
17.284788
17.287858
17.326421
17.257345
17.272109
17.264237
17.175457
17.187665
17.225732
17.149000
17.259746
17.188952
17.238143
17.090815
17.032029
16.966256
16.968582
16.940224
16.916489
16.993113
17.012890
17.070123
17.050596
17.245772
17.094746
17.091883
17.135281
16.972913
16.970552
17.096366
16.969738
17.026452
16.964515
16.964793
16.985508
17.091626
17.025717
17.088993
17.175864
17.242377
17.145550
17.264148
17.236170
17.247688
17.359443
17.372788
17.265944
17.231939
17.052070
17.106734
17.242159
17.121904
17.125733
17.135619
17.167053
17.128212
17.088134
17.094148
17.185426
17.200519
17.094139
16.987665
16.960860
16.862898
16.845682
17.113711
17.105020
17.167487
17.150515
16.873045
16.855092
16.923755
16.963290
17.002286
17.099347
17.111783
17.155354
17.219783
17.105635
17.012250
16.973153
17.005160
16.859506
16.887055
16.890492
17.092594
17.037459
17.038838
16.978298
16.998273
17.085457
17.052246
17.098209
17.094160
17.133270
17.168078
17.051711
16.962334
16.962977
16.908637
16.972940
16.974344
16.996038
16.948864
16.923330
16.937914
17.000790
16.979627
17.038211
16.988972
16.992031
17.025856
16.959492
17.013753
16.896091
17.014653
16.957489
16.928526
16.946982
16.902437
16.762625
16.808244
16.756919
16.766012
16.756471
16.686819
16.686283
16.839213
17.005110
16.876370
16.838558
16.828108
16.885401
16.864803
16.857130
16.800059
16.911047
16.900511
16.935056
16.805626
16.925315
16.959840
16.949862
17.021792
16.933959
16.917702
17.008821
17.001443
17.017855
17.031025
17.045833
17.017995
17.010671
17.028050
17.113306
17.137353
17.133460
17.219494
17.191742
17.208889
17.209260
17.222894
17.161453
17.156271
17.104913
17.158431
17.193270
17.301472
17.288997
17.295777
17.332565
17.373941
17.401531
17.380854
17.382770
17.349318
17.358976
17.448249
17.335195
17.305536
17.312219
17.352302
17.417697
17.411805
17.325776
17.351659
17.334862
17.309291
17.174305
17.175876
17.191433
17.131760
16.990656
17.075535
17.051406
17.011774
17.093325
17.157493
17.013627
17.030251
17.032382
17.207465
17.160369
17.178465
17.197743
17.173507
17.182532
17.071516
16.891388
16.981789
17.039756
17.066764
16.992453
17.079446
17.106939
17.165632
17.150593
17.194815
17.073953
17.033945
16.934500
16.930410
16.997117
17.067185
17.146527
17.239404
17.382062
17.423012
17.412820
17.321601
17.349194
17.383566
17.333772
17.349907
17.366528
17.386713
17.463765
17.396482
17.410417
17.272885
17.247974
17.223668
17.241219
17.173875
17.102916
17.261722
17.189896
17.218868
17.300298
17.232509
17.313567
17.343458
17.425448
17.477511
17.446368
17.533692
17.581364
17.485783
17.334375
17.259042
17.178057
17.225025
17.324028
17.298949
17.222508
17.080672
17.073081
17.107422
17.037914
17.078506
17.106555
17.130715
17.198287
17.161480
17.179714
17.153453
17.205922
17.252065
17.364281
17.303439
17.211391
17.321374
17.302308
17.230031
17.299999
17.335744
17.332623
17.345424
17.327497
17.368431
17.317095
17.389815
17.419785
17.521441
17.526572
17.636677
17.633830
17.753381
17.700977
17.684411
17.689681
17.647466
17.665840
17.528343
17.588202
17.395089
17.409949
17.351136
17.362876
17.224480
17.250830
17.319468
17.192196
17.166153
17.212195
17.292656
17.390286
17.335582
17.263780
17.265194
16.986990
16.943991
17.166189
17.197856
17.239527
17.270480
17.271722
17.247102
17.279451
17.198684
17.240199
17.128443
17.026497
16.974776
16.896438
16.790331
16.887555
16.872952
16.830048
16.879567
16.998824
17.005060
16.911140
17.033712
16.914243
16.926941
17.017623
17.141281
17.167919
17.187940
17.230213
17.121796
17.199361
17.278607
17.320802
17.223843
17.210477
17.060126
17.146557
17.158490
17.105086
17.174447
17.175237
17.051386
17.067235
17.009136
17.015334
16.960897
16.937104
16.937481
16.830120
16.817738
16.834852
16.759508
16.726904
16.741452
16.756021
16.810911
16.770473
16.767220
16.740921
16.736757
16.677594
16.637431
16.704801
16.733243
16.763541
16.849543
16.870163
16.877561
17.003291
16.998720
17.114466
17.167657
17.114928
17.111020
17.152460
17.141368
17.188721
17.167491
17.121525
17.315795
17.339986
17.305422
17.249446
17.251613
17.297293
17.294094
17.241186
17.290882
17.297585
17.304403
17.177525
17.213461
17.215202
17.243719
17.161523
17.200546
17.115460
17.036020
17.043010
16.976951
17.056137
17.142648
17.126616
17.155367
17.143798
17.044801
17.099490
17.065579
17.054532
17.052403
17.118013
17.118680
17.159835
17.023474
17.112738
17.158794
17.112788
17.203238
17.228617
17.273329
17.229309
17.242080
17.303971
17.296424
17.277202
17.362690
17.338963
17.349250
17.332620
17.446285
17.436059
17.436381
17.446598
17.398233
17.371733
17.301776
17.283312
17.275003
17.413781
17.340020
17.406803
17.335460
17.463027
17.303924
17.320239
17.274691
17.328069
17.442102
17.485395
17.457582
17.544803
17.632124
17.596938
17.515159
17.539397
17.420895
17.393073
17.324401
17.243822
17.238050
17.363753
17.326953
17.331749
17.418803
17.494863
17.396273
17.360732
17.358558
17.333526
17.457650
17.327936
17.304632
17.152655
17.197107
17.271751
17.271767
17.302247
17.279827
17.190538
17.275826
17.267738
17.276286
17.185703
17.211460
17.166670
17.113100
17.069410
17.010207
16.956528
17.081145
17.078891
17.097157
17.147460
17.157125
17.109931
17.178908
17.240812
17.274502
17.185510
17.171002
17.063511
17.110195
17.105832
17.089180
17.126854
17.221913
17.319389
17.283562
17.329817
17.102093
16.983563
16.874684
16.866946
16.847691
16.938692
16.895363
16.904408
16.969632
17.177970
17.299305
17.408648
17.454616
17.381496
17.384692
17.372837
17.411849
17.304885
17.295434
17.292569
17.327168
17.294384
17.270859
17.345527
17.261744
17.364863
17.294416
17.179662
17.163954
17.251442
17.252883
17.316394
17.242430
17.292324
17.340916
17.364002
17.331865
17.228571
17.286775
17.244307
17.277204
17.225486
17.264551
17.224793
17.306198
17.111973
17.196615
17.243730
17.257298
17.210107
17.239635
17.207617
17.253314
17.244803
17.251846
17.284882
17.215108
17.218995
17.210020
17.094645
17.129043
17.193060
17.174965
17.114857
17.163242
17.111816
17.169494
17.282289
17.231890
17.244692
17.401983
17.389104
17.386086
17.414819
17.421862
17.309868
17.397353
17.419557
17.430364
17.421328
17.365835
17.324027
17.354929
17.326180
17.284987
17.136362
17.074967
17.072435
17.073001
17.098175
17.093777
17.188946
17.286137
17.285181
17.270455
17.235209
17.205038
17.219603
17.224178
17.331641
17.330343
17.303388
17.358204
17.281209
17.274594
17.258857
17.209601
17.394895
17.431472
17.396359
17.344039
17.239662
17.388213
17.399563
17.394656
17.317269
17.256483
17.352976
17.316460
17.177640
17.380699
17.528762
17.500511
17.497012
17.541805
17.520563
17.568927
17.530352
17.477844
17.479237
17.365815
17.385571
17.478539
17.485349
17.587889
17.555546
17.426789
17.470979
17.279857
17.430117
17.327511
17.315078
17.342746
17.333500
17.400851
17.464763
17.565518
17.469549
17.497272
17.382188
17.325154
17.185499
17.101864
17.122491
17.145495
17.139791
17.159517
17.055545
16.991652
17.037274
17.252207
17.260063
17.236889
17.227220
17.289530
17.283087
17.195432
17.281813
17.197608
17.263565
17.242511
17.282972
17.363034
17.373190
17.327642
17.344124
17.300297
17.378964
17.341346
17.394235
17.337671
17.219626
17.203763
17.181910
17.264810
17.259476
17.213507
17.295434
17.158648
17.133313
17.153482
17.146698
17.101355
17.181001
17.484883
17.399292
17.415790
17.447016
17.368347
17.366289
17.254657
17.101272
17.124981
17.172728
17.175694
17.142216
17.071945
17.146436
17.195771
17.010417
17.004334
16.988792
16.964166
17.010333
16.954622
17.048891
16.938123
16.999352
16.931700
16.969508
16.874250
16.824177
16.841605
16.782634
16.667139
16.595898
16.581353
16.405195
16.371007
16.426372
16.553654
16.596023
16.629187
16.728505
16.820192
16.974254
16.990620
16.921595
16.923360
16.832137
16.938393
16.982670
16.975699
16.913369
16.767701
16.782355
16.684714
16.834963
16.883149
16.833515
16.828306
16.730686
16.734629
16.685821
16.660032
16.695118
16.733263
16.787487
16.811802
16.830292
16.739367
16.690683
16.832897
16.993251
17.009801
17.065803
16.977933
17.046477
17.239971
17.216527
17.286965
17.254087
17.367820
17.451778
17.452292
17.314979
17.325088
17.262888
17.385439
17.392367
17.377715
17.371603
17.243420
17.269377
17.206919
17.251727
17.256273
17.195027
17.197004
17.144626
17.143252
17.259195
17.274494
17.243209
17.314612
17.383975
17.387983
17.366879
17.406504
17.535680
17.529848
17.521668
17.495666
17.533712
17.583971
17.534857
17.490505
17.630464
17.480844
17.395432
17.349409
17.311701
17.248846
17.239109
17.159014
17.205709
17.151453
17.162207
17.049822
17.091245
16.902596
16.800585
16.864976
16.888642
16.923508
16.941819
16.861431
16.874496
16.889580
16.803944
16.805351
16.796431
16.823353
16.829666
16.833730
16.873138
16.954541
16.937062
16.834694
16.876343
16.928519
16.883667
16.898427
16.963282
17.089451
17.125695
17.221283
17.160635
17.083443
17.130820
17.055185
17.078419
17.104659
17.122247
17.241435
17.273026
17.185848
17.227770
17.363949
17.409731
17.342180
17.432164
17.422673
17.392056
17.320205
17.358049
17.335280
17.375030
17.347082
17.389028
17.261448
17.330924
17.328045
17.283053
17.307838
17.327938
17.294510
17.199151
17.267607
17.313486
17.257315
17.088888
17.130042
17.093825
17.073524
17.022946
16.816385
16.779318
16.781663
16.691941
16.852393
16.869888
16.903738
17.088583
17.144213
17.243970
17.251609
17.295630
17.178567
17.206315
17.237417
17.181801
17.319260
17.348965
17.367995
17.359354
17.363520
17.340232
17.336236
17.314973
17.345333
17.258094
17.241245
17.213116
17.243154
17.179895
17.254120
17.252890
17.220518
17.282645
17.268253
17.198686
17.163658
17.155967
17.118736
17.136228
17.240578
17.163608
17.062453
17.059391
17.047308
17.054345
17.030768
17.008411
16.912373
16.961726
16.932282
17.126979
17.067126
17.036998
17.119521
17.237212
17.217996
17.207722
17.309736
17.314133
17.213528
17.313087
17.315978
17.299097
17.224583
17.272968
17.271638
17.093071
17.249458
17.246007
17.306741
17.417093
17.427606
17.403904
17.420058
17.362827
17.365482
17.235112
17.232302
17.238328
17.365278
17.395909
17.342846
17.303467
17.327057
17.239000
17.178950
17.085218
17.082234
17.031275
16.985813
17.077309
17.013618
16.985780
16.929356
17.074070
17.116477
17.099230
17.132559
17.088829
17.094179
17.020242
17.031688
17.147335
17.193909
17.065083
17.047930
17.050465
17.079863
17.104805
17.074967
17.072435
17.073001
17.098175
17.093777
17.132674
17.286137
17.285181
17.270455
17.235209
17.205038
17.216546
17.197106
17.161484
17.153579
17.158683
17.162866
17.119879
17.027199
17.114157
16.948222
16.819077
16.862850
16.873551
16.723945
16.811104
16.654174
16.839964
16.651165
16.758480
16.663869
16.631924
16.745115
16.699590
16.455577
16.557944
16.605670
16.668443
16.598583
16.587666
16.587175
16.633228
16.501974
16.509005
16.587230
16.663617
16.687073
16.800277
16.825157
16.901002
16.972995
16.973386
17.013094
17.033266
17.114956
17.157113
17.171102
17.118151
17.058045
17.058466
17.108639
17.144639
17.075473
17.128862
17.032096
17.164144
17.235517
17.121155
17.183416
17.242646
17.281531
17.382816
17.474006
17.421731
17.391461
17.339503
17.217702
17.315956
17.379176
17.333454
17.327939
17.318385
17.288911
17.317411
17.397533
17.306317
17.299665
17.402524
17.321657
17.419726
17.404150
17.340327
17.196598
17.232106
17.246299
17.360831
17.293578
17.209759
17.215237
17.149712
17.258976
17.204247
17.120249
17.041492
17.078324
17.163612
17.159180
17.179883
17.178520
17.153837
17.187044
17.160330
17.103153
17.208139
17.118530
17.187006
17.188893
17.259298
17.248540
17.241850
17.239624
17.228597
17.304871
17.276580
17.339755
17.382804
17.430640
17.447728
17.352155
17.394152
17.371105
17.460303
17.378240
17.403438
17.442618
17.393432
17.464249
17.444508
17.495619
17.451712
17.397951
17.245768
17.171370
17.052892
17.094023
17.056825
17.130667
17.045726
16.895153
16.825577
16.762748
16.623147
16.686953
16.675170
16.703711
16.588538
16.539018
16.682325
16.792919
16.777298
16.947590
17.095652
17.090858
17.096145
17.034960
17.011364
17.124079
17.071800
17.038062
16.980427
16.967659
17.012624
17.007682
16.933013
16.910132
16.890398
16.825334
16.706333
16.573407
16.692564
16.757921
16.792249
16.753811
16.815645
16.876756
16.988667
17.034625
17.062561
17.044909
17.092027
17.005395
16.857421
16.870189
16.990537
16.992846
17.117799
17.153453
17.205922
17.252065
17.345599
17.369422
17.394082
17.387758
17.263319
17.302207
17.267703
17.237912
17.210203
17.090136
17.093782
17.136129
17.276196
17.376801
17.351594
17.432250
17.348130
17.301974
17.358287
17.276809
17.235896
17.245420
17.264662
17.350039
17.240567
17.229969
17.196578
17.343260
17.361231
17.308794
17.311729
17.253987
17.193066
17.056474
17.043449
17.040253
17.075617
17.120141
17.280317
17.331901
17.404781
17.357264
17.266068
17.240047
17.294682
17.265663
17.374172
17.363887
17.249870
17.408617
17.353907
17.327676
17.237712
17.304237
17.270706
17.242283
17.200877
17.212775
17.182665
17.183400
17.051568
17.043500
16.983640
16.843687
16.896793
16.818490
16.900437
16.911020
16.791789
16.779344
16.771691
16.836121
16.887512
16.959123
16.971300
16.971889
16.970609
17.026470
16.989252
17.028603
17.011713
17.070640
17.039760
16.989104
16.947985
17.039909
16.979179
16.933728
16.811131
16.771619
16.659606
16.713015
16.715800
16.844872
16.747572
16.712248
16.720850
16.626437
16.580575
16.567914
16.507525
16.697737
16.631388
16.601414
16.694674
16.547302
16.540713
16.725259
16.733658
16.944884
16.960687
16.980687
16.909120
16.898613
17.090815
17.032029
16.966256
16.968582
16.940224
16.916489
16.993113
17.012890
17.070123
17.050596
17.250594
17.200189
17.240952
17.206929
17.371937
17.335192
17.382630
17.404248
17.332067
17.259239
17.270232
17.238813
17.305397
17.241648
17.123242
17.191251
17.231973
17.243944
17.209151
17.242937
17.162873
17.048072
17.036452
17.103766
17.076995
17.052070
17.106734
17.242159
17.121904
17.125733
17.135619
17.167053
17.128212
17.088134
17.095934
17.185426
17.200519
17.094139
16.987665
16.960860
16.862898
16.845682
17.113711
17.105020
17.167487
17.150515
16.873045
16.855092
16.923755
16.963290
17.002286
17.099347
17.111783
17.155354
17.219783
17.105635
17.012250
16.973153
17.005160
16.859506
16.887055
16.890492
17.092594
17.037459
17.038838
16.978298
17.060931
17.085457
17.052246
17.098209
17.094160
17.133270
17.168078
17.051711
16.962334
16.962977
16.908637
16.984280
16.974344
16.996038
16.948864
16.923330
16.937914
17.000790
16.979627
17.038211
16.988972
16.992031
17.021328
17.007948
17.013753
16.896091
17.014653
16.957489
16.928526
16.946982
16.902437
16.762625
16.808244
16.756919
16.766012
16.756471
16.686819
16.686283
16.839213
17.005110
16.876370
16.838558
16.828108
16.885401
16.864803
16.845082
16.800059
16.811201
16.843200
16.684619
16.692058
16.786434
16.791947
16.691761
16.687279
16.563767
16.604285
16.694131
16.672681
16.591679
16.476812
16.416384
16.528260
16.532191
16.746844
16.806346
16.848418
16.883624
16.900612
16.845054
16.862113
17.029596
17.053554
17.187869
17.151240
17.104913
17.017226
17.102246
17.080774
17.066905
17.042717
17.009216
16.938990
16.959613
16.935243
16.783730
16.807004
16.696843
16.814451
16.793708
16.771673
16.900105
16.971300
17.048597
17.085598
17.051477
17.013768
16.905826
16.887390
16.952760
17.144934
17.215551
17.206640
17.323074
17.213854
17.164810
17.134246
17.187425
17.163669
17.298573
17.360686
17.306945
17.336939
17.328297
17.243778
17.242431
17.193288
17.153284
17.113328
17.104337
17.131780
17.288197
17.237859
17.197389
17.146247
17.180980
17.228588
17.260901
17.184944
17.084029
17.102559
17.124841
17.114647
17.200468
17.198118
17.160976
17.173072
17.229677
17.235932
17.288827
17.326083
17.242315
17.243927
17.240730
17.217906
17.256593
17.217049
17.225717
17.130868
17.298194
17.268858
17.245396
17.247440
17.289041
17.403071
17.428638
17.420983
17.380614
17.507114
17.427759
17.432818
17.265069
17.252925
17.294948
17.350362
17.349443
17.343730
17.375970
17.489963
17.459056
17.452075
17.498336
17.493759
17.446225
17.464901
17.358428
17.369132
17.395761
17.281606
17.381573
17.336560
17.295773
17.289467
17.289933
17.303412
17.199740
17.287157
17.164673
17.218117
17.372932
17.234459
17.289668
17.395010
17.203504
17.211040
17.031078
16.885323
17.089590
17.046748
16.999593
17.056609
16.828332
16.764901
16.736059
16.799292
16.786473
16.696982
16.848280
16.811212
16.956405
16.890837
16.862493
16.905973
16.972309
17.003327
17.035141
17.058986
17.124957
17.027016
17.061675
17.010787
17.062484
17.059425
17.049024
17.114647
17.160888
17.139414
17.003950
16.903274
16.886448
17.056366
16.863189
16.904199
16.797484
16.802965
16.846941
16.876728
16.909218
16.738926
16.812577
16.767366
16.697979
16.761134
16.686367
16.743857
16.706936
16.801929
16.793452
16.888714
16.928680
16.919601
16.947153
16.978601
16.941493
17.105863
17.124670
17.174786
17.155265
17.166652
17.210213
17.194682
17.202371
17.224833
17.222776
17.231023
17.166327
17.132559
17.028160
17.007126
17.037776
17.076466
17.095535
17.113460
17.164040
16.997621
17.016302
16.897613
16.983859
16.910137
16.933206
16.992351
17.034656
17.074424
17.089010
17.080542
17.010291
17.036519
17.042185
17.063115
17.101977
17.012009
17.021489
17.299484
17.285561
17.274739
17.218314
17.184243
17.027016
17.065309
17.010787
17.161722
17.079773
17.161164
17.222546
17.379579
17.458545
17.427473
17.376669
17.402066
17.315717
17.401002
17.355552
17.427925
17.312241
17.319096
17.381609
17.405704
17.387741
17.243274
17.345234
17.358045
17.399529
17.428332
17.435331
17.346504
17.422539
17.473279
17.491286
17.411505
17.345374
17.371476
17.320778
17.219037
17.307672
17.300751
17.293206
17.243622
17.060709
16.930122
16.938666
16.909983
16.959766
16.862896
16.888463
16.996206
17.011492
17.001089
17.007126
17.037776
17.049289
16.989287
16.946583
16.855226
16.773279
16.697609
16.752350
16.825070
16.837953
16.933206
16.992351
17.034656
17.074424
17.089010
17.080542
17.010291
17.036519
17.042185
17.063115
17.101977
17.012009
17.021489
17.299484
17.285561
17.281512
17.337378
17.398683
17.400263
17.413706
17.504530
17.411801
17.414313
17.449290
17.365340
17.332152
17.453081
17.313323
17.340576
17.262879
17.085952
17.098116
17.106787
17.209924
17.169423
17.247393
17.215756
17.170005
17.182582
17.249426
17.221240
17.151704
17.114202
17.086269
17.102718
17.162956
17.184019
17.204296
17.298543
17.162400
17.200522
17.085995
17.257818
17.376199
17.399601
17.390200
17.391388
17.392553
17.333639
17.362337
17.307705
17.217967
17.106598
17.128738
17.134145
17.095031
17.175219
17.197734
17.246157
17.196495
17.371012
17.410102
17.401462
17.343440
17.274606
17.348892
17.273143
17.358806
17.366376
17.458007
17.491176
17.373568
17.340540
17.267535
17.202449
17.127189
17.091785
17.005506
16.973211
16.912806
16.982225
17.019338
16.996747
17.055706
17.074748
16.887537
16.879007
16.906682
16.900612
16.845054
16.995759
17.138754
17.183021
17.112762
17.176528
17.227891
17.227328
17.060379
16.995469
17.063020
17.011034
17.007494
16.973385
17.004997
17.048963
17.028745
17.152746
17.078491
17.000596
16.970419
17.114945
17.118742
17.073123
17.099691
17.100486
17.220768
17.238091
17.140563
17.123268
17.066424
16.975836
16.911197
16.953586
16.887518
16.845082
16.826928
16.811201
16.843200
16.684619
16.692058
16.786434
16.791947
16.691761
16.687279
16.563767
16.604285
16.694131
16.672681
16.591679
16.476812
16.416384
16.528260
16.532191
16.746844
16.806346
16.848418
16.883624
16.909506
16.931748
16.862113
17.029596
17.105482
17.246077
17.293807
17.286894
17.344157
17.254986
17.307251
17.294631
17.329784
17.432339
17.401685
17.383141
17.340016
17.247255
17.132389
17.159510
17.140227
17.280108
17.328604
17.321804
17.323318
17.327463
17.238355
17.379800
17.427814
17.365957
17.391622
17.288204
17.269943
17.258991
17.288676
17.253661
17.203326
17.096766
17.247549
17.252217
17.260912
17.337362
17.324721
17.417135
17.428685
17.488562
17.449417
17.444054
17.538395
17.492071
17.444119
17.578869
17.575358
17.496524
17.446999
17.395558
17.370685
17.401434
17.372588
17.349951
17.266068
17.280440
17.337986
17.399583
17.294730
17.223139
17.237300
17.243598
17.299649
17.386935
17.416978
17.340282
17.246288
17.180906
17.222262
17.251742
17.188479
17.226808
17.141075
17.006948
16.964841
16.937028
16.982769
17.055445
16.885759
16.906924
16.941484
16.933714
16.970880
17.014648
17.039874
17.137320
17.059902
17.247728
17.232493
17.327810
17.285982
17.337353
17.416784
17.408613
17.393538
17.403343
17.339146
17.407292
17.336110
17.358463
17.324252
17.388846
17.359608
17.357104
17.329991
17.354701
17.284006
17.268218
17.364733
17.364555
17.350259
17.400486
17.325817
17.366647
17.310533
17.222926
17.164129
17.198721
17.177986
17.111067
17.190938
17.133978
17.263537
17.181916
16.959587
16.872419
17.055113
16.948665
16.961958
17.022447
17.113794
17.035631
16.883002
16.879773
16.855292
16.814408
16.792994
16.844073
16.836356
16.901002
17.042423
16.973386
17.013094
17.033266
17.114956
17.157113
17.163140
17.092532
17.054948
17.090586
17.167488
17.097527
17.100177
17.091373
17.021328
17.007948
17.169787
17.036662
17.056831
17.211124
17.144394
17.117909
17.158838
17.139963
17.226888
17.217346
17.315661
17.242502
17.086662
16.983700
16.948814
16.972821
17.043584
16.983931
16.975433
16.903353
16.987321
17.023827
17.058041
17.083174
17.060159
17.041795
16.916898
16.959222
16.860952
16.863023
16.754551
16.727859
16.788387
16.865501
16.798155
16.783872
16.780149
16.802709
16.827048
16.796768
16.755969
16.842150
16.838972
16.894932
16.909548
16.840506
16.821005
16.888192
16.881001
16.774273
16.789702
16.835281
16.777229
16.790331
16.887555
16.872952
16.830048
16.879567
16.938990
16.959613
16.911140
16.783730
16.807004
16.696843
16.814451
16.793708
16.771673
16.900105
16.971300
17.048597
17.085598
17.051477
17.013768
16.905826
16.887390
16.952760
17.144934
17.092919
17.176483
17.211086
17.175237
17.051386
17.090709
17.184176
17.200267
16.960897
16.961076
16.962055
16.843987
16.846448
16.920086
17.184156
17.197291
17.227196
17.104765
17.123514
17.089872
17.114226
17.113899
17.166729
17.161336
17.213565
17.137035
17.136983
17.134228
17.144344
17.187215
17.179683
17.331891
17.230921
17.385556
17.462993
17.480765
17.506795
17.386510
17.343168
17.399902
17.378318
17.402549
17.360450
17.339986
17.305422
17.249963
17.261835
17.304143
17.298319
17.282523
17.290882
17.297585
17.304403
17.305261
17.209055
17.217825
17.294255
17.185259
17.173752
17.116607
16.967690
16.951932
17.198125
17.215982
17.399884
17.278853
17.164265
17.262560
17.116338
17.119243
17.018612
16.962815
16.933441
16.904812
16.825284
16.912431
16.933887
16.853150
16.805208
16.769623
16.776128
16.718562
16.742556
16.686858
16.724215
16.757858
16.760245
16.816644
16.777528
16.734139
16.737554
16.751295
16.727096
16.860091
16.940309
16.917888
16.765814
16.748296
16.828801
16.881355
16.890997
16.910055
17.085943
17.059697
17.134554
17.036313
17.066687
16.894512
16.919553
17.058865
17.061242
17.024381
17.037830
16.991947
17.032974
16.969800
16.981839
16.863387
16.811964
16.763312
16.864049
16.756754
16.688512
16.629407
16.676936
16.754641
16.738209
16.633299
16.509602
16.402178
16.391152
16.402259
16.624629
16.727642
16.769411
16.854240
16.896238
17.033133
16.879493
16.891301
16.889256
16.996855
17.001277
17.055519
17.044387
17.052524
17.143973
17.044985
17.103508
17.103379
17.109393
17.136734
17.149646
17.104216
17.079232
17.033382
17.037556
17.061337
17.149192
17.142503
17.212281
17.128817
17.089174
17.137500
17.193707
17.238127
17.272082
17.226295
17.258838
17.168056
17.084100
17.071577
17.132571
17.139431
17.140399
17.052929
17.058693
17.056854
16.995021
17.135390
17.133465
17.193496
17.172510
17.064152
17.109933
17.160267
17.203102
17.198936
17.253833
17.261129
17.285496
17.328691
17.193307
17.359378
17.312724
17.305699
17.319105
17.194471
17.151502
17.118246
17.318791
17.345576
17.375630
17.344622
17.409482
17.386078
17.253312
17.140257
17.233539
17.231762
17.270681
17.219687
17.284517
17.318789
17.375067
17.362700
17.291772
17.435494
17.428788
17.310318
17.335608
17.322944
17.270132
17.117987
17.066261
17.078412
17.174565
17.131829
17.157257
17.042123
17.161915
17.274411
17.179407
17.288309
17.167105
17.193326
17.347812
17.362448
17.395825
17.376953
17.418191
17.394736
17.373795
17.351924
17.355835
17.349136
17.349962
17.283179
17.282113
17.371334
17.549342
17.557141
17.493920
17.517767
17.551294
17.457642
17.367062
17.480051
17.456182
17.423186
17.442784
17.403918
17.337994
17.337945
17.368587
17.268293
17.259973
17.304160
17.200130
17.164129
17.198721
17.199134
17.264831
17.237360
17.057045
17.181904
17.083788
17.154811
17.096893
17.098179
17.015229
16.839591
16.975694
16.892031
16.943516
17.013816
17.011172
17.082778
17.080065
17.078317
17.074964
17.037573
16.894004
16.937684
16.942997
16.990999
17.007402
16.993080
17.036806
17.066865
17.013665
16.852116
16.924255
16.877458
16.862680
17.121092
17.060133
17.138678
17.115836
17.240327
17.223567
17.185618
17.179568
17.204018
17.202583
17.158499
17.097908
17.213969
17.220983
17.214308
17.085156
17.173673
17.222324
17.184336
17.203932
17.236748
17.322524
17.292332
17.388486
17.364044
17.345117
17.312885
17.366840
17.340460
17.263386
17.204504
17.163017
17.269094
17.298646
17.331679
17.297078
17.361993
17.456091
17.324970
17.400256
17.343929
17.306466
17.318385
17.288911
17.317411
17.397533
17.306317
17.299665
17.384319
17.321657
17.381274
17.374643
17.316858
17.196598
17.232106
17.246299
17.360831
17.293578
17.209759
17.273709
17.255433
17.258976
17.338919
17.305786
17.299071
17.278966
17.312033
17.310753
17.367999
17.295996
17.360002
17.249336
17.234695
17.167498
17.151812
17.107002
17.166598
17.122032
17.294164
17.245931
17.243384
17.225223
17.287196
17.252065
17.235433
17.225116
17.188216
17.175169
17.139170
17.080055
17.110047
17.119243
17.018612
16.990871
16.954887
17.017065
16.944190
17.038887
16.944445
16.853150
16.805208
16.769623
16.800347
16.718562
16.742556
16.686858
16.777361
16.885315
16.870029
16.853744
16.840591
16.734139
16.781658
16.771198
16.727096
16.935674
17.072757
17.129152
17.162220
17.159583
17.128731
17.057102
17.051440
16.937188
17.106410
17.059697
17.136083
17.101021
17.066687
16.894512
16.919553
17.110757
17.061242
17.027613
17.047257
17.076639
17.119287
17.125365
17.032200
17.229502
17.274268
17.349023
17.360862
17.366973
17.319204
17.452369
17.428206
17.309955
17.228313
17.258335
17.464795
17.495631
17.497901
17.490112
17.421834
17.314556
17.293178
17.380577
17.326727
17.347812
17.362448
17.300277
17.166579
17.169654
17.286323
17.233368
17.229505
17.275025
17.281209
17.259970
17.229824
17.149527
17.259648
17.248540
17.238052
17.122263
17.066607
16.893915
16.914958
16.962672
17.001634
16.976307
16.945790
16.874745
16.827666
16.897720
16.902168
16.991305
16.933998
17.015914
17.080569
17.166390
17.209969
17.219773
17.257142
17.315822
17.290623
17.186873
17.124075
16.956663
16.833683
16.718032
16.801891
16.758794
16.788397
16.695175
16.794061
16.821649
16.868698
16.929328
16.969412
17.022274
16.913217
16.972555
17.144244
16.918425
16.981372
16.983256
17.030273
16.992680
17.094571
17.112282
17.038592
17.035910
17.023514
17.053019
17.074145
17.078895
17.063862
17.007169
16.916791
16.842749
16.936135
16.877064
16.859008
16.894432
16.889147
16.921385
17.041747
17.207503
17.256709
17.057597
17.008613
16.925244
16.969487
16.988243
17.028302
16.937830
16.935237
17.051187
17.128204
17.057281
17.105639
17.184895
17.258288
17.258784
17.313544
17.277229
17.408529
17.258710
17.282945
17.230495
17.417115
17.365887
17.286113
17.274351
17.173347
17.149082
17.172405
17.073740
17.099145
16.979600
16.976891
16.960826
16.881141
16.765920
16.940708
17.022966
17.198723
17.117710
17.198055
17.203532
17.300411
17.377905
17.392712
17.325504
17.196627
17.316219
17.307801
17.280778
17.256026
17.173257
17.235834
17.163479
17.181498
17.223446
17.206336
17.181530
17.169543
17.247062
17.128996
17.005833
16.975950
16.865498
16.783765
16.723587
16.734970
16.724467
16.727136
16.719164
16.864815
16.993838
16.898558
16.911784
16.979119
16.850844
16.648068
16.619286
16.639554
16.623934
16.704622
16.705910
16.765771
16.772962
17.024096
16.959353
16.860944
16.845662
16.767584
16.739531
16.796642
16.805512
16.780022
16.779025
16.788654
16.738760
16.845448
16.902463
16.837994
17.025891
17.024625
17.065229
17.020988
17.002662
17.040518
16.952788
16.907139
16.860669
16.928859
16.861680
17.014810
17.171054
17.161398
17.274705
17.154801
17.120523
17.062245
17.119007
17.162400
17.154627
17.085995
17.257818
17.336888
17.339056
17.415482
17.300782
17.243178
17.248332
17.234167
17.259731
17.274989
17.221522
17.243958
17.247556
17.249761
17.244880
17.369602
17.396967
17.364884
17.360274
17.325692
17.314589
17.291681
17.236354
17.195591
17.258912
17.248702
17.193895
17.151663
17.100571
17.040740
16.991821
16.924082
16.949796
16.979564
16.879637
16.832327
16.945210
17.077172
17.153228
17.183054
17.133682
17.178045
17.056580
17.009973
16.991277
16.919603
16.832680
16.777770
16.689961
16.551365
16.457317
16.534649
16.536537
16.620495
16.825339
16.984829
17.157965
17.195184
17.193601
17.207610
17.278647
17.370162
17.330221
17.339308
17.385721
17.376329
17.265967
17.343276
17.342139
17.263821
17.290716
17.281262
17.397984
17.348990
17.227168
17.196137
17.212526
17.200650
17.175214
17.134988
17.211736
17.194019
17.237620
17.214782
17.191053
17.199347
17.151879
17.053863
17.000402
16.919917
16.896114
16.866548
17.003863
17.026482
17.046855
17.054046
17.017153
16.950772
17.076398
17.128759
17.104994
17.249561
17.162450
17.174363
17.237738
17.208418
17.265350
17.296007
17.387017
17.380679
17.233266
17.261940
17.236822
17.242570
17.169793
17.181093
17.335192
17.346296
17.178170
17.058865
17.163663
17.150122
17.036125
16.991947
17.032974
16.969800
16.982523
16.863387
16.811964
16.763312
16.864049
16.756754
16.688512
16.629407
16.676936
16.754641
16.738209
16.633299
16.509602
16.402178
16.391152
16.402259
16.624629
16.727642
16.769411
16.854240
16.896238
17.033133
16.879493
16.959255
16.889256
16.996855
17.001277
17.055519
17.044387
17.052524
17.143973
17.044985
17.103508
17.103379
17.109393
17.164768
17.186112
17.151768
17.205920
17.160887
17.170378
17.137909
17.092390
17.166380
17.118433
17.137636
17.318565
17.226355
17.263939
17.181705
17.189810
17.212276
17.268226
17.346030
17.408762
17.458989
17.360503
17.415602
17.334750
17.249681
17.192764
17.163283
17.428466
17.356418
17.341374
17.359949
17.394897
17.391947
17.388798
17.470724
17.557584
17.581753
17.578787
17.563013
17.560092
17.585831
17.658901
17.639591
17.590098
17.614620
17.619207
17.568508
17.594510
17.434150
17.527219
17.381017
17.352710
17.364884
17.386378
17.377605
17.371491
17.364372
17.403437
17.438780
17.357684
17.344423
17.415743
17.376557
17.329071
17.273425
17.274838
17.213818
17.217151
17.262466
17.323267
17.426099
17.408733
17.428016
17.355226
17.347036
17.352119
17.339315
17.256010
17.179841
17.239678
17.174378
17.232164
17.235589
17.313753
17.295704
17.272899
17.212324
17.272695
17.305331
17.311246
17.166860
17.198031
17.213403
17.259016
17.213188
17.232133
17.234706
17.234200
17.215968
17.076622
17.077145
17.094180
16.972995
17.064352
17.194301
17.192033
17.282493
17.285522
17.466055
17.484046
17.499574
17.513396
17.511234
17.446225
17.492553
17.520257
17.499397
17.499461
17.493485
17.508642
17.493720
17.570079
17.522292
17.442376
17.386321
17.360341
17.449564
17.375712
17.436757
17.449740
17.437712
17.289668
17.320383
17.270899
17.274910
17.326144
17.403779
17.375889
17.301895
17.222576
17.099661
17.244184
17.209116
17.289547
17.336819
17.172724
17.122642
17.183793
17.170645
17.117422
17.050896
17.009016
16.964027
17.064448
17.003327
17.035141
16.959805
16.817090
16.658186
16.637047
16.711273
16.762436
16.737111
16.695218
16.562132
16.622566
16.634615
16.631202
16.716006
16.730543
16.756694
16.827526
16.877516
16.974221
16.958946
16.982761
17.054406
17.031275
16.977410
17.077309
17.013618
17.014639
16.929179
16.924812
16.865803
16.965824
16.973276
16.895033
16.970275
16.940841
16.906157
16.916167
16.932688
16.918034
16.840183
16.830372
16.993588
17.030992
16.886927
16.957490
17.107593
16.910654
16.944983
16.992539
16.788458
16.911317
16.951115
17.067981
17.005165
16.946699
16.926888
16.940681
16.906127
17.063451
16.977880
16.956046
17.025800
17.093442
17.172720
17.255566
17.259748
17.166973
17.210516
17.212837
17.221267
17.352284
17.403920
17.320397
17.287983
17.232271
17.237074
17.137357
17.217757
17.322609
17.337994
17.337945
17.368587
17.268293
17.259973
17.304160
17.200130
17.211961
17.140087
17.199134
17.058137
17.083240
17.057045
17.181904
17.083788
17.154811
17.096893
17.098179
17.015229
17.029350
16.997558
17.068953
17.068799
17.140031
17.212997
17.173298
17.080065
17.009854
17.102093
17.089990
17.148520
17.103481
17.234633
17.181801
17.257243
17.192141
17.179452
17.161523
17.302224
17.157665
17.151768
17.205920
17.189418
17.174565
17.131829
17.140137
17.042123
17.118433
17.198293
17.312888
17.226355
17.308287
17.181705
17.189810
17.212276
17.228517
17.178743
17.365417
17.335506
17.240667
17.252981
17.299811
17.217245
17.192764
17.163283
17.354263
17.296217
17.314302
17.317898
17.267203
17.197768
17.177380
17.192100
17.199616
17.176292
17.200945
17.110149
17.102397
17.091654
17.082377
17.076507
17.129021
17.121704
17.153892
17.247864
17.213224
17.285559
17.253293
17.183332
17.090945
17.011950
16.914299
16.923990
16.861873
16.821531
16.822111
16.807239
16.839760
16.910121
16.855658
16.921086
16.990786
17.125246
17.122853
17.184608
17.211512
17.223139
17.237300
17.243598
17.264699
17.280125
17.074750
17.038235
17.067966
17.152454
17.131586
17.131379
17.221665
17.277500
17.233835
17.110762
17.085600
17.152294
17.182582
17.248102
17.292909
17.151704
17.114202
17.086269
17.102718
17.162956
17.184019
17.204296
17.211460
17.301932
17.302308
17.245239
17.314012
17.307320
17.177024
17.231469
17.286075
17.147460
17.169633
17.131242
17.182387
17.240812
17.279922
17.255033
17.187507
17.248878
17.228758
17.275416
17.391572
17.262199
17.335862
17.214460
17.102013
17.136835
17.131398
17.114697
17.248856
17.228344
17.217381
17.240741
17.371209
17.429153
17.402378
17.262197
17.270708
17.273519
17.242387
17.340521
17.335181
17.310403
17.255217
17.272109
17.264237
17.175457
17.206512
17.225732
17.149000
17.366388
17.370185
17.388272
17.445179
17.384336
17.244094
17.355220
17.386956
17.345828
17.484769
17.503506
17.457276
17.482080
17.463212
17.261825
17.178710
17.272737
17.275586
17.062127
16.948544
16.964585
16.971905
16.974419
17.176143
17.282191
17.297932
17.446569
17.511495
17.465025
17.388296
17.416264
17.359145
17.252858
17.247837
17.403947
17.401644
17.430168
17.468381
17.439504
17.410412
17.486937
17.488673
17.400994
17.449196
17.426042
17.472301
17.485732
17.429697
17.450826
17.486993
17.442091
17.491852
17.500789
17.452750
17.293000
17.355593
17.370599
17.389820
17.375664
17.444829
17.447197
17.437995
17.233061
17.148013
17.153669
17.340621
17.466022
17.410357
17.329101
17.326736
17.329387
17.382355
17.289251
17.231264
17.236121
17.301184
17.342560
17.247575
17.213818
17.185872
17.054526
17.144609
17.089080
17.045833
17.017995
17.010671
17.036653
17.134024
17.137353
17.133460
17.219494
17.191742
17.208889
17.209260
17.222894
17.161453
17.378156
17.331729
17.400847
17.445140
17.358215
17.337888
17.336093
17.275712
17.296674
17.255140
17.198884
17.049024
17.117320
17.084029
17.102559
17.124841
17.078442
17.094461
17.167591
17.162680
17.182262
17.250627
17.244622
17.301936
17.269962
17.200925
17.258840
17.342647
17.270694
17.307854
17.217049
17.225717
17.130868
17.223340
17.094125
17.108278
17.073534
17.109818
17.103399
17.261260
17.341218
17.364735
17.174976
17.226375
17.143528
17.192668
17.159014
17.205709
17.151453
17.162207
17.049822
17.091245
16.902596
16.800585
16.864976
16.888642
16.923508
16.941819
16.861431
16.874496
16.889580
16.803944
16.805351
16.796431
16.823353
16.829666
16.833730
16.873138
16.954541
16.937062
16.834694
16.876343
16.928519
16.883667
16.898427
16.963282
17.048072
17.036452
17.103766
17.076995
17.083443
17.130820
17.055185
17.078419
17.104659
17.122247
17.241435
17.296813
17.328677
17.344063
17.398911
17.397263
17.282945
17.279975
17.211458
17.231613
17.249531
17.202682
17.252305
17.357388
17.352014
17.291899
17.364375
17.316444
17.374702
17.424435
17.411514
17.386109
17.384476
17.281631
17.316792
17.377778
17.335647
17.401940
17.339775
17.312138
17.361086
17.285579
17.334655
17.343023
17.223205
17.150122
17.036125
17.191395
17.165333
17.266013
17.249319
17.324931
17.344562
17.229505
17.275025
17.312896
17.259970
17.323860
17.288450
17.298893
17.293079
17.310938
17.422509
17.490212
17.396091
17.424129
17.317677
17.162123
17.186179
17.194422
17.287426
17.165504
17.150116
17.319945
17.488478
17.363061
17.464079
17.437802
17.553407
17.474072
17.463949
17.450036
17.490118
17.505820
17.376428
17.467168
17.475176
17.448971
17.331749
17.239033
17.340072
17.311630
17.305106
17.317666
17.333526
17.449888
17.461328
17.405376
17.297588
17.373769
17.325514
17.363450
17.466016
17.411958
17.403542
17.370240
17.394478
17.454073
17.425439
17.449623
17.398327
17.436931
17.447163
17.437203
17.466797
17.538735
17.616567
17.460004
17.512486
17.483983
17.535383
17.533730
17.533426
17.483712
17.456873
17.500539
17.505548
17.438398
17.361396
17.367496
17.340586
17.301294
17.241603
17.201229
17.197940
17.060217
17.131935
17.148616
17.157325
17.106633
17.197574
17.187502
17.133088
17.185500
17.182968
17.239531
17.262865
17.065083
17.047930
17.050465
17.079863
17.241684
17.336922
17.373070
17.340038
17.317571
17.310265
17.277653
17.278801
17.333994
17.375778
17.365529
17.378959
17.221050
17.233959
17.361744
17.426455
17.425026
17.460145
17.437333
17.373152
17.415716
17.466176
17.352231
17.362059
17.367701
17.312993
17.343276
17.342139
17.263821
17.290716
17.281262
17.179530
17.184165
17.079430
17.113602
17.086301
17.179839
17.175214
17.134988
17.165107
16.962815
16.933441
16.904812
16.825284
16.912431
16.933887
16.891575
16.850533
16.792227
16.776128
16.841087
16.848739
16.873766
16.724215
16.757858
16.760245
16.816644
16.777528
16.832812
16.737554
16.751295
16.779812
16.860091
16.940309
16.917888
16.765814
16.748296
16.828801
16.816385
16.779318
16.781663
16.691941
16.852393
16.869888
16.903353
16.987321
17.023827
17.058041
17.083174
17.060159
17.041795
16.916898
16.959222
16.860952
16.863023
16.754551
16.727859
16.788387
16.865501
16.798155
16.783872
16.780149
16.802709
16.827048
16.796768
16.755969
16.842150
16.838972
16.894932
16.909548
16.840506
16.821005
16.888192
16.881001
16.774273
16.789702
16.835281
16.777229
16.846878
16.965467
16.998562
17.074800
17.212871
17.155667
17.224418
17.232479
17.324125
17.370872
17.360299
17.289547
17.346916
17.328110
17.329942
17.255797
17.270887
17.258415
17.325616
17.312748
17.264446
17.304600
17.348062
17.381137
17.338983
17.267045
17.151620
16.995418
17.015756
17.071297
17.042557
16.971949
16.949355
16.877017
16.853178
16.856849
16.868582
16.907295
16.853021
16.952179
16.875538
16.816231
16.929885
16.980193
16.954929
17.080348
16.977410
17.088203
17.038810
17.034296
16.929179
16.924812
16.865803
16.965824
16.973276
16.955775
16.970275
17.020320
17.076873
17.086290
17.192866
17.257339
17.310041
17.301652
17.252267
17.337124
17.266567
17.372425
17.262420
17.295941
17.297036
17.143827
17.313499
17.185990
17.134367
17.079007
17.064780
17.272862
17.320645
17.327409
17.404830
17.277692
17.236240
17.256588
17.217560
17.104140
17.255971
17.244122
17.193782
17.193024
17.189328
17.200324
17.337672
17.278252
17.238044
17.176833
17.148242
17.103743
17.137917
17.128505
17.179171
17.186913
17.179628
17.131935
17.024692
17.020087
17.040257
16.982337
16.917234
16.847315
16.883331
16.846382
16.831595
16.932596
16.971295
16.932294
16.826978
16.802967
16.923146
17.022255
17.015427
17.010417
17.004334
16.988792
16.964166
17.010333
16.954622
17.048891
16.938123
16.999352
16.931700
16.969508
16.874250
16.824177
16.841605
16.782634
16.667139
16.595898
16.581353
16.405195
16.371007
16.426372
16.553654
16.596023
16.629187
16.728505
16.820192
16.974254
16.990620
16.921595
16.923360
16.832137
16.938393
16.982670
16.975699
16.913369
16.767701
16.782355
16.684714
16.834963
16.883149
16.833515
16.828306
16.730686
16.734629
16.685821
16.660032
16.695118
16.733263
16.787487
16.811802
16.830292
16.739367
16.690683
16.832897
16.993251
17.009801
17.065803
16.977933
17.046477
17.239971
17.216527
17.286965
17.254087
17.367820
17.346980
17.328920
17.354122
17.302583
17.254220
17.221570
17.194252
17.214747
17.173655
17.316070
17.422232
17.300956
17.336049
17.238474
17.431448
17.415935
17.386417
17.323346
17.340176
17.368447
17.303874
17.282357
17.288252
17.225178
17.221803
17.237403
17.068067
17.056215
17.114785
17.118120
17.042423
17.092050
17.059982
17.114558
17.216086
17.321283
17.279980
17.189697
17.200085
17.089449
17.270893
17.266920
17.309071
17.532127
17.495911
17.387741
17.267436
17.345234
17.358045
17.422696
17.434444
17.435331
17.346504
17.422539
17.458304
17.455637
17.418343
17.352650
17.378461
17.320778
17.124664
17.255086
17.089445
17.055675
16.958973
16.917080
16.930122
16.938666
16.909983
16.959766
16.965094
17.043262
17.118827
17.152785
17.110657
17.143086
17.148230
17.159454
17.267665
17.231652
17.235497
17.174114
17.186812
17.173909
17.170923
17.187693
17.059637
17.133753
17.189592
17.186664
17.291040
17.224406
17.283258
17.299027
17.321190
17.376866
17.289455
17.307707
17.199102
17.181862
17.184636
17.212582
17.225223
17.287196
17.289467
17.289933
17.303412
17.199740
17.353117
17.376358
17.218117
17.383605
17.234459
17.285855
17.246195
17.162192
17.174601
17.031078
16.885323
17.089590
17.046748
16.999593
17.056609
16.828332
16.764901
16.736059
16.799292
16.786473
16.696982
16.848280
16.811212
16.956405
16.890837
16.862493
16.905973
16.972309
17.011486
16.973314
16.959840
16.826668
16.753268
16.773173
16.833137
16.847495
16.988949
16.939357
17.037883
17.109445
17.132287
17.003950
16.903274
16.886448
16.876890
16.856811
16.862645
16.898759
16.821155
16.867476
16.851247
16.687903
16.738926
16.812577
16.767366
16.697979
16.761134
16.686367
16.743857
16.706936
16.801929
16.793452
16.798797
16.692217
16.659980
16.590202
16.605532
16.636830
16.434681
16.414357
16.374529
16.491173
16.524452
16.568707
16.583407
16.586320
16.645739
16.664696
16.771691
16.709412
16.707810
16.855218
16.901524
16.872685
16.815516
16.769432
16.824287
16.813266
16.613197
16.568989
16.572755
16.582144
16.451712
16.408717
16.435032
16.437631
16.505077
16.414473
16.403399
16.467198
16.477442
16.541001
16.628016
16.612714
16.719482
16.626437
16.580575
16.567914
16.507525
16.697737
16.631388
16.601414
16.694674
16.547302
16.540713
16.725259
16.733658
16.944884
16.909612
16.903624
16.909120
16.898613
17.005134
16.955922
17.110171
17.066774
17.110414
16.982060
16.996290
17.091215
17.121742
17.259999
17.250594
17.200189
17.260111
17.183558
17.162208
17.213855
17.155940
17.148905
17.212056
17.120573
17.026265
16.933301
16.940322
17.005078
16.956219
16.898241
16.857355
16.795542
16.777352
16.736103
16.927153
16.886506
17.016194
16.974251
17.089221
17.003029
16.933373
16.926029
16.957389
16.922045
16.898346
16.954272
17.092444
17.101542
17.067135
16.934358
16.992683
16.997844
16.948788
16.899066
16.859931
16.930056
16.906327
16.862228
16.889886
16.916592
16.927930
16.867816
16.868846
16.921613
16.891054
16.952270
16.927275
17.006286
16.988570
17.047113
16.940560
16.950659
17.039046
17.080870
17.140494
17.232644
17.248727
17.193066
17.056474
17.043449
17.040253
17.075617
17.120141
17.280317
17.331901
17.319955
17.316082
17.266068
17.195841
17.237156
17.216123
17.216675
17.353049
17.266384
17.323156
17.423363
17.549854
17.471153
17.290894
17.385288
17.407882
17.336260
17.303559
17.412347
17.397045
17.344711
17.286686
17.272866
17.261683
17.247916
17.253742
17.256042
17.136776
17.103329
17.088042
17.103204
17.063172
17.142706
16.964790
16.891301
16.977295
17.112820
17.136756
17.132552
17.166571
17.153297
17.406370
17.394743
17.398631
17.396078
17.381729
17.492216
17.449805
17.419813
17.356023
17.458901
17.555905
17.510911
17.517428
17.357388
17.425869
17.448246
17.393259
17.450395
17.455991
17.465155
17.370665
17.444150
17.421234
17.404327
17.342657
17.361916
17.335647
17.339331
17.339775
17.312138
17.361086
17.285579
17.334655
17.385340
17.457266
17.480669
17.455721
17.445783
17.493409
17.478528
17.385902
17.401360
17.426073
17.382872
17.444857
17.428323
17.456603
17.426243
17.452299
17.455972
17.435516
17.495430
17.464718
17.463139
17.396091
17.424129
17.317677
17.162123
17.186179
17.194422
17.287426
17.165504
17.150116
17.319945
17.488478
17.316444
17.328575
17.309845
17.340181
17.285735
17.290284
17.103439
17.209617
17.299748
17.306464
17.210817
17.353275
17.311522
17.212137
17.270022
17.026497
17.053767
16.993816
16.984174
16.977508
16.984493
17.117697
17.121985
17.233918
17.300837
17.225991
17.167218
17.258509
17.232612
17.194634
17.299110
17.366498
17.355624
17.325567
17.337145
17.363391
17.361753
17.313954
17.223843
17.215251
17.060126
17.146557
17.153511
17.105086
17.174447
17.209320
17.248273
17.067235
17.009136
16.977695
16.973113
16.937104
16.937481
16.830120
16.817738
16.834852
16.759508
16.726904
16.741452
16.756021
16.810911
16.770473
16.767220
16.740921
16.736757
16.677594
16.637431
16.704801
16.733243
16.763541
16.849543
16.870163
16.856582
16.904645
16.809211
16.910283
16.890448
16.876608
16.875372
16.961697
16.940483
17.005100
16.955531
16.884791
17.085673
17.015136
16.981055
16.977682
17.001940
16.941667
16.949559
16.938706
17.051724
17.045249
16.913158
16.988751
16.979255
16.939230
17.009146
16.950230
16.866353
16.870009
16.734091
16.792156
16.962657
16.984159
16.985046
16.967418
16.909612
16.903624
16.943175
16.972947
17.005134
16.955922
17.110171
17.199774
17.263939
17.190422
17.157919
17.181910
17.247196
17.259476
17.213507
17.295434
17.158648
17.133313
17.153482
17.146698
17.101355
17.181001
17.240779
17.242580
17.252625
17.143376
17.084944
17.201074
17.217395
17.203002
17.252426
17.278315
17.281144
17.353964
17.371371
17.467204
17.553318
17.495498
17.366334
17.484092
17.525800
17.575762
17.613663
17.574156
17.491955
17.397973
17.226078
17.286287
17.328575
17.309845
17.314861
17.285735
17.177339
17.103439
17.187131
17.064222
17.063059
17.117624
16.960073
16.793618
16.675354
16.561131
16.488538
16.540979
16.493932
16.499187
16.385410
16.510247
16.400694
16.667734
16.702371
16.636616
16.632070
16.741907
16.724360
16.744471
16.756131
16.882213
16.910752
16.926195
17.010061
17.144040
17.139431
17.196068
17.262376
17.261501
17.288581
17.246542
17.323673
17.231055
17.044955
17.016758
17.143253
17.017408
17.031385
17.024932
16.991535
16.897965
16.848167
16.856774
16.844134
16.924171
16.886059
16.921075
17.010416
17.082379
17.023274
16.935771
17.003890
17.160393
17.133228
17.198399
17.231827
17.039722
16.968735
16.922027
17.037388
17.097916
17.149135
17.128010
17.209534
17.172644
17.095039
16.975111
16.968452
17.117740
17.067135
16.934358
16.992683
16.997844
16.948788
16.899066
16.859931
16.930056
16.906327
16.862228
16.889886
16.916592
16.927930
16.867816
16.868846
16.921613
16.891054
16.952270
16.927275
17.022752
17.011383
17.047113
16.940560
16.950659
17.039046
17.072469
17.140494
17.139260
17.181591
17.195644
17.199006
17.198293
17.248263
17.209064
17.231959
17.234324
17.282432
17.279420
17.134868
17.099691
17.208978
17.130045
17.131763
17.033017
17.002771
17.025089
16.976237
17.133103
17.143836
17.143007
17.019289
16.962833
17.034961
17.019217
17.141828
17.181877
17.193018
17.224789
17.295950
17.284371
17.322986
17.339618
17.303932
17.244735
17.176263
17.186823
17.126750
17.056631
16.988308
16.846775
16.872458
16.776856
16.801318
16.796167
16.753150
16.730374
16.684848
16.596893
16.535887
16.540739
16.416961
16.416725
16.380457
16.257699
16.147103
16.185065
16.177216
16.107789
16.117590
16.096535
15.907396
15.985420
16.041029
16.049322
16.103103
16.228915
16.168217
16.183229
16.158685
16.226376
16.203406
16.183123
16.097434
16.060617
16.040134
16.010040
15.983118
15.959483
15.985989
16.153205
16.120903
16.217677
16.239263
16.242903
16.165096
16.468270
16.449778
16.574937
16.642367
16.663570
16.628225
16.829362
16.791025
16.829138
16.869088
16.835692
16.911459
16.833711
16.725576
16.868874
16.869630
16.855289
16.805350
16.778924
16.751281
16.712675
16.648131
16.640399
16.549260
16.448217
16.570315
16.496058
16.514429
16.541795
16.426746
16.621361
16.611072
16.628883
16.593515
16.635460
16.471851
16.384610
16.391891
16.381572
16.486092
16.722312
16.789947
16.854286
16.852718
16.740113
16.802712
16.656426
