5754
5755
5756
5632
5758
5759
2578
2579
2580
2581
2582
2583
2584
2585
2586
2587
2588
2589
2590
7793
2592
2593
7796
7797
7798
7799
7800
7801
7802
7803
7804
7805
7806
7807
7808
7809
7810
7811
7812
7813
7814
7815
7816
7817
7818
7819
7820
7821
7822
7823
7824
7825
7826
7827
7828
7829
7830
7831
7832
7833
7834
7835
7836
7837
7838
7839
7840
7841
7842
2832
2833
2834
2835
7847
7848
7849
7850
7851
3777
3778
3779
3780
3781
2846
3783
3784
3785
2850
2851
2852
2853
2854
2855
2856
2857
2858
2859
2860
2861
2862
2863
2864
2865
2866
2867
2868
7880
7881
2882
2883
2884
2885
2886
2887
2888
2889
2890
2891
2892
2893
2894
2884
1983
2897
2898
1986
1987
1988
1989
1990
1991
2905
2906
2907
2908
2909
1997
1998
1999
2000
2903
2904
2905
2906
2907
2908
2909
2910
2911
2912
2913
2914
2915
2916
2917
2918
2919
2920
3728
2922
3730
3731
3732
7937
2927
2928
2929
2930
2931
7943
7944
7945
3742
6537
6538
6539
6540
6541
6542
6543
6544
6545
6546
6547
4320
4321
4322
4323
4324
4325
4326
4327
4328
4329
4330
4331
4332
4333
4334
4335
4336
4337
4338
4339
4340
4341
4342
4343
4344
3008
3009
4347
4348
4349
5804
5805
4352
4353
4354
4355
4356
4357
4358
4359
4360
4361
4362
4363
4364
4365
4366
4367
4368
4369
4370
4371
5826
5827
5828
5829
5830
5831
5832
5833
5834
5835
5836
5837
5838
5839
4386
2283
2284
4348
4349
4350
5659
5660
4353
5662
4355
4356
4357
4358
4359
4360
4361
4362
4363
4364
4365
4366
4367
4368
4369
4370
4371
4372
4373
4374
1892
1893
1894
5686
5687
5578
1898
2481
5691
5692
5223
5224
6406
5226
5697
5698
5699
5700
5701
5702
5703
5704
4397
4398
4399
4400
5709
4402
4403
4404
4405
7272
7273
7274
7275
7276
7277
7278
4640
4641
4642
4643
4644
4645
4646
4647
4648
4649
4650
1040
1041
1042
1043
1044
4656
4657
4658
4659
4660
4661
2174
2175
2176
2177
2178
4043
2180
4045
4046
6172
6173
6174
5100
5435
5436
5437
5438
5439
5440
6439
5442
5443
7323
7324
7325
7326
7327
7328
7329
7330
7331
7332
7333
7334
7335
6455
7337
7338
7339
7340
6460
6461
5785
6463
6464
6465
5789
5790
6468
5792
6470
6471
6472
5796
5797
5798
5799
5800
5801
5802
2234
5804
5805
2662
2663
5808
5809
5810
5811
5812
5813
5814
5815
5816
5817
5818
2675
5820
5821
2678
6243
3841
2004
5505
2006
2007
2008
5509
5510
5511
5512
5513
3852
2692
2693
2694
2695
2696
2697
1254
1255
1256
2701
2702
2703
2704
2855
2856
3536
3537
2859
3444
2861
2862
3542
2353
3544
3545
3546
3547
3548
3549
3550
3551
3552
384
385
386
387
388
2372
2373
2370
2371
2372
2373
2374
2375
2376
3472
3473
3474
3475
3476
3477
3093
3094
3095
3096
3482
2836
2837
2838
2839
2840
3519
2842
2843
3522
6494
6495
3525
6497
3527
3528
3529
3530
3531
3532
3533
3534
5959
3401
5961
5962
5963
5964
5965
5966
5967
5968
5969
5970
5971
6072
1074
1075
6075
6076
6077
6078
6079
6080
6081
6082
6083
6084
6085
6086
6087
6088
6089
6090
5542
5543
5544
5545
5546
5547
5548
5549
5550
5551
5552
3259
5554
3261
3262
3263
3264
3265
3266
3267
3268
3269
3589
3271
3272
3273
3274
3594
3595
3596
3157
3158
3159
1392
3161
1394
6127
6128
1397
3166
3167
3168
2531
2532
1403
1404
1405
7341
7342
7343
2539
2540
3179
2542
2543
2544
2545
2546
2547
2548
3187
2550
2551
2552
7358
2554
2555
2556
2557
7363
7364
7365
7366
7367
3322
7369
3324
3644
3645
7373
7374
7375
7376
3650
7378
7379
7380
7381
7382
7383
3257
3339
3340
3341
3342
3343
3344
3345
3346
3347
3348
3349
3350
3351
3352
3272
3273
3274
3275
3276
3277
3359
3360
3361
3362
3363
3364
3365
3366
3367
3368
3369
3370
3371
3372
3373
3374
3375
3376
3377
3378
5214
7892
7893
7894
7895
7896
7897
7898
7899
7900
7901
7902
7903
7904
7905
7906
7907
7908
7909
7910
7911
7912
7913
7914
7915
7916
7917
7918
7919
7920
7921
7922
7923
7924
7925
7926
7927
7928
7929
7930
7931
7932
7933
7934
7935
7936
7937
7938
7939
7940
7941
7942
7943
7944
7945
7946
7947
7948
7949
7950
7951
7952
7953
7954
7955
7956
5235
7958
7959
7960
5174
5175
5176
5177
5178
5179
5180
4776
4777
4778
4068
4069
7895
7896
7897
7898
7899
7900
7901
7902
7903
7904
7905
7906
7907
7908
7909
7910
7911
7912
7913
7914
7915
7916
7917
7918
7919
7920
7921
7922
7923
7924
7925
7926
7927
7928
7929
7930
7931
7932
7933
7934
7935
7936
7937
7938
7939
7940
7941
7942
7943
7944
7945
7946
7947
7948
7949
7950
7951
7952
7953
7954
7955
7956
7957
7958
7959
7960
7961
7962
7963
7964
7965
7966
7967
7968
7969
7970
7971
7972
7973
7974
7975
7976
7977
7978
7979
7980
7981
7982
7983
7984
7985
7986
7987
7988
7989
7990
7991
7992
7993
6711
6712
6713
6714
7492
7493
7494
7495
7496
7298
7299
7300
7301
7302
7303
7304
7305
7306
7307
7308
7309
7393
7311
7395
7396
4608
4609
3568
4611
4612
3571
3572
3573
3574
7323
3576
3577
3578
3579
3580
3581
3582
3583
3584
3585
4628
3587
4630
4631
4632
4633
4634
4635
4636
4637
4638
4639
7346
4641
4642
7560
4644
7562
7563
557
558
559
560
561
562
2406
2407
2408
2409
2410
2411
7076
7077
7078
7079
7080
7081
7082
7083
6351
6352
6353
6354
6355
6356
6357
6358
6359
6360
6361
6362
6363
6364
6365
6366
7100
7101
7102
2565
2566
2567
7106
6374
7108
803
804
805
6042
6043
3655
3656
3657
3658
3659
3660
3661
3662
3663
3664
3665
3666
3667
3668
3669
3670
3671
3672
3673
3674
3675
3676
3677
3678
3679
3361
3362
3363
3683
3684
3685
3686
3687
3688
3689
3690
3372
3373
3374
3375
3376
3377
3378
3698
2036
2037
4609
4610
4611
4612
3705
3706
3707
4616
4617
3391
3392
3393
4621
3395
3396
3397
3398
3399
2607
4628
4629
4630
4631
4632
4633
4634
4635
4636
4637
4638
4639
4640
4641
5374
5375
5376
5377
5378
5379
5380
5289
5290
5291
5292
5293
5294
5295
5296
5297
5298
5299
5300
5301
5302
5303
5304
5305
5306
5307
5308
4060
4281
4282
5312
4064
4065
4066
4067
5317
4289
4290
4291
5321
5322
5323
4295
4296
4297
4298
5328
2706
5330
5331
5332
2710
2711
2712
2713
2714
2715
2716
2717
2718
2719
2720
2721
2722
2723
2724
2725
2726
2727
2728
2729
2730
2731
2732
2733
2734
2735
2736
2737
2738
2739
2740
2741
2742
2743
2744
2745
2746
2747
2748
2749
2750
2751
2752
2753
2754
2755
2756
2757
2758
2759
2760
2761
2762
2763
2764
2765
2766
2767
2768
2769
2770
2771
2772
2773
1310
2775
2776
2777
2778
2779
2780
2781
2782
7011
7012
2785
7014
7015
7016
7017
7018
7019
7020
7021
7022
7023
7024
7025
7026
7027
7028
7029
7030
7031
7032
7033
7034
7035
7036
7037
7038
7039
7040
7041
7042
7043
7294
7295
7296
7297
7298
7299
7300
7301
7302
7303
7304
844
845
846
847
848
7310
7311
7312
7164
7314
2328
2329
2330
2331
5293
5294
5295
7173
2336
2337
2338
3207
3208
3209
3210
2343
7331
7332
7333
7334
7335
7336
7337
7338
7339
7340
7341
7342
7343
7344
7345
7346
7347
7348
7349
7350
7351
7352
7353
7354
7355
7356
7357
7358
7359
7360
7361
7362
7363
7364
7365
7366
7367
7368
7369
7370
7371
7372
7373
7374
7375
7376
7377
7378
7379
7380
7381
7382
7383
7384
7385
7386
7387
7388
7389
7390
7391
7392
7393
7394
7395
7396
7397
5942
5943
5944
5945
5946
5947
5948
5949
5950
5951
5952
5953
5954
5955
5956
5957
5958
5959
5960
5961
5962
5963
5964
5965
5966
5967
5968
5969
5970
5971
5972
5973
5974
5975
5976
5977
5978
5979
5980
5981
5982
5983
5984
5985
5986
5987
5988
5989
5990
7447
5992
5993
5994
5995
5996
550
5998
5999
6000
6001
6002
6003
557
558
559
560
6008
6009
6010
6011
6012
6013
6368
6369
6370
6371
6372
6373
6374
574
575
576
577
4797
4798
4799
4800
4801
4802
4803
4804
4805
4806
588
589
590
4810
4811
593
594
4814
4815
4816
4817
4818
5155
5156
5157
5158
5159
5160
5161
5162
5163
5164
5165
5166
5167
5168
5169
5170
5171
5172
5173
5174
5175
5176
5177
4842
2436
5180
4845
4846
4847
4848
4849
4850
4851
4852
4853
4854
4855
4856
4857
4858
1982
1983
1984
1985
1986
1987
1988
1989
1990
1991
1992
1893
1894
1995
4238
4239
1755
1756
4242
1758
1759
1760
1761
1762
1906
1907
1908
1909
6452
6453
6454
6455
6456
6002
6003
1917
6460
6461
6462
6463
6464
6465
6466
1925
1926
1927
1928
6471
6472
6473
6474
6475
6476
6477
6478
6479
6480
6481
6482
6483
6484
6485
6486
6487
6488
6489
6490
6491
6492
5427
6494
6495
6496
5431
6043
5433
6500
6501
6502
6503
6504
5699
6506
6507
6508
5703
7914
6511
7916
7917
6514
6515
5450
5711
5712
5713
5714
5715
5716
5717
1607
1608
1609
1610
5462
1612
1613
1614
1615
1616
1617
1618
1619
1620
1621
1622
5474
5475
5476
5477
5478
5479
5480
5481
7080
7081
1633
1634
7084
7085
7086
7087
1639
1640
1641
1642
1643
1644
1645
1646
1647
1648
1649
1650
1651
1652
1653
1654
1655
1656
1657
1658
1659
1660
1661
1662
1663
1664
2737
2738
2739
2740
2741
2742
2743
2744
2745
2746
1675
1676
1677
1678
1679
1680
1681
1682
1683
1684
1685
1686
1687
2760
1689
2762
1691
1692
1693
1694
1591
1592
1593
1594
1595
1596
1597
1598
1599
1600
1601
1602
1603
1604
1605
1606
1607
1608
1609
1610
1611
1612
1717
1614
1615
1616
1617
1618
1619
4451
1621
1622
1623
1624
1625
1626
1627
1628
1629
1630
1631
1632
1633
1634
1635
1636
1637
1638
1639
1640
1641
1642
1643
1644
1645
1646
1647
1648
1649
1650
1651
1652
1653
1654
1655
1656
1657
1658
793
794
795
796
797
798
1665
800
5427
802
803
5430
6919
5432
5433
5434
6923
5436
5437
5438
5439
5440
5441
5442
5443
5444
5445
5446
5447
5448
5449
5450
5451
5452
5453
5454
3431
5456
5457
3434
3435
6826
6827
6828
6829
6830
6831
6832
5382
5383
5384
5385
5386
4215
4078
4079
4080
4081
4082
4083
4084
4085
4086
5397
7241
7242
5400
5401
5402
5403
5404
5405
5406
5407
7775
5409
5410
5411
7255
7256
4104
4956
4957
4958
4959
4960
4110
4111
4112
4964
4965
4966
4967
4968
4969
4970
4971
4972
4973
4974
4124
4125
4126
219
815
816
222
223
224
225
226
227
228
229
3938
231
232
233
829
830
831
237
2578
3947
3948
3949
3950
3951
244
245
210
211
3956
3957
3958
215
216
217
218
219
220
221
222
223
224
3702
226
227
228
229
230
231
232
233
3711
235
236
3714
3715
239
240
241
242
243
3721
3722
5597
5598
5599
5600
5601
5602
5603
5604
5605
5606
5607
5608
5609
5610
5611
5612
5613
5614
5615
5616
5617
5618
5619
5620
5621
5622
5623
5624
5625
5626
5839
5840
5629
5630
5843
5844
6039
6040
6041
5848
5849
5850
5851
5852
5853
5642
5643
5644
1498
1499
7386
7387
7388
7389
3040
3041
3042
3043
3044
3045
3046
3047
3048
4376
4377
4378
4379
4380
3054
2859
3056
2861
2862
2863
3060
3061
3062
2867
2868
2869
2870
2871
6451
6452
6453
6454
6455
6456
6457
6458
7865
7866
7867
7868
6463
7870
6465
7872
6467
6468
7875
7876
7877
7878
121
122
123
124
125
126
127
128
129
130
131
132
133
134
135
136
137
138
139
140
141
142
143
789
3114
3115
3116
3117
3118
1348
7012
7013
1351
1352
1353
1354
7018
7019
997
7021
999
1000
1001
1002
2172
2173
7638
2175
2176
2177
2178
2179
2180
2181
2182
7647
7648
2185
2186
2187
2188
2189
2190
2191
2192
2193
3179
7659
7660
7661
7662
7663
7664
7665
7666
7667
7668
2205
7670
7671
7672
7673
7674
7675
7676
7677
7678
7679
7680
7681
7072
7683
7684
7685
7686
7687
7688
7689
7690
7691
7692
7693
7694
7695
7696
7697
7698
7699
7700
7701
7702
7703
7704
7705
7706
7707
7708
7709
7100
7101
7102
7103
7104
7105
7106
7107
7108
7109
7110
7111
7112
7113
7114
7115
7116
7117
7118
6088
4361
4758
4146
4147
4148
7735
7736
7737
7738
7129
4154
4155
4156
4157
4158
4159
4160
4161
4162
4163
4164
4165
4166
4167
4168
4169
6294
6295
6296
6297
4174
4175
4176
4177
4178
6303
6304
6305
6306
6307
6308
6309
6310
6311
6312
6313
6314
6315
6316
6317
6318
6319
6320
6321
6322
4199
4200
4201
4202
4203
4204
4205
4206
4207
4208
4209
4210
4211
4212
4213
4214
4215
4216
4217
4218
4219
4220
4221
4222
4223
4224
4225
4226
4227
4228
6353
6354
2059
2060
7459
6358
6359
6360
6361
4238
6363
6364
6365
4116
4117
4118
4119
4246
4121
4122
4123
4124
4125
4126
4127
4128
4129
4130
4131
4132
4133
4134
4135
4136
4137
4138
4139
4140
211
212
213
4144
4145
4146
4147
4148
3371
3372
221
3374
3572
3573
3574
3575
3576
3577
3578
5388
3580
3581
5391
3583
3584
3852
3853
3854
3855
3589
3590
3591
3592
3593
7431
3595
7433
3597
249
250
3600
3601
253
254
255
256
1187
1188
3608
1190
1191
1192
1193
1194
1195
1196
1197
2527
5032
5428
5429
1202
7004
7005
7006
7007
7008
7009
2538
2539
5982
5983
5984
5985
5986
5987
1217
5989
1219
1220
1221
1222
5994
5995
5996
5997
5998
5999
6000
6001
6002
6003
5613
5067
5615
1236
1237
5618
5619
5620
5621
1242
1243
4585
4586
4587
4588
4589
7819
7820
7821
7822
7823
7824
5088
7826
7827
7828
7829
7830
7831
7832
40
41
7835
43
7837
7838
7839
7840
7841
7842
7843
7844
7845
7846
7847
7848
7849
7850
7851
7852
7853
7854
4438
4439
5120
4441
4442
4443
4444
4445
4446
4447
4448
4449
4450
4451
4452
4453
4454
4455
4456
4457
4458
4459
4460
4461
4462
4463
6460
6461
6462
6463
6464
6465
6466
4471
4472
6469
6470
6471
1506
2589
5705
947
1981
1432
1433
6869
6870
6871
6872
6873
6874
7302
7303
7304
7305
7306
7307
7308
7309
7310
7311
7312
7313
7314
7315
7316
7317
7318
7319
7320
7321
7322
7323
7324
7325
7326
7327
7328
7329
7330
5841
5842
5843
5844
5845
5846
5847
5848
5849
5850
5851
5852
5853
5854
5855
5856
5857
5858
5859
4910
5861
5862
5863
5864
5865
4916
4917
4918
4919
4920
4921
4922
4923
4924
4925
4926
4927
5878
5879
5880
5881
5882
5883
5273
5274
5886
5276
5888
5278
5279
5280
5281
5282
5283
5284
5285
6488
5287
6490
2682
2683
2684
2685
584
585
586
587
588
589
590
7305
7752
7307
594
595
596
597
598
599
600
7761
7762
7763
7764
7765
7766
7767
7768
7769
7770
7771
7772
7773
7774
7775
7776
7777
7778
7779
7780
7781
7782
7783
7784
7785
7786
7787
7788
7789
7790
7791
6
7
8
9
10
7797
7798
7799
7800
15
7802
17
18
19
20
21
22
23
24
25
26
1025
1026
1027
1028
1029
1030
4280
4281
4282
1034
1035
1036
1037
2472
2473
2474
2475
2476
2477
2478
2479
3700
3701
3702
3703
3704
2485
3706
3707
3708
3709
5141
6097
6098
6099
6100
6101
6102
6103
6104
6105
6106
6107
6108
5154
5155
6418
4790
4791
6421
5850
5851
5008
5009
6525
5855
6527
5857
5858
5859
5860
5861
5862
5863
5864
5865
1616
4972
5868
5869
5870
5871
5872
5873
5874
5185
1626
5187
5188
5189
5190
5191
5192
5883
2525
5195
5196
2528
2529
2530
2531
2532
5202
5203
5204
5205
5206
437
438
439
440
1089
1090
443
444
445
446
1095
1096
5014
5015
5016
1100
1101
5019
5020
1104
1105
1106
1107
1108
1109
1110
1111
1112
1113
1114
1115
1116
1117
1118
1119
1120
1121
1122
1123
1124
1125
1126
1127
1128
1129
1130
1131
1132
1619
1620
1621
1136
1137
1138
1139
1140
1141
1142
1629
1630
1145
1146
1147
1148
1635
1150
1151
1152
1153
1154
1155
1156
3012
1158
3014
3015
3016
3017
3018
3019
1165
1166
3022
3023
3024
3025
3026
3027
3028
3029
3030
3031
3032
3033
3034
3035
3036
3037
3038
3039
3040
3041
3042
3043
3044
3045
5351
5352
3048
3049
3050
3051
3052
3053
3054
3055
3056
3057
3058
3059
3060
3061
3062
3063
3064
3065
3066
3067
3068
3069
3070
3071
3072
3073
3074
3075
3076
3077
3078
3079
3080
3081
3082
3083
3084
3085
3086
3087
3088
3089
3090
3091
3092
3093
3094
3095
3096
3097
3098
92
3100
3101
3102
3103
3104
3105
3106
3107
3108
3109
3110
3111
3112
3113
3114
3115
3116
3117
3118
3119
3120
3121
3122
3123
3124
3125
3126
120
121
122
123
124
125
126
127
128
129
119
120
121
122
123
124
125
126
138
139
129
130
142
132
133
134
135
147
148
149
150
151
152
153
154
155
156
157
158
159
160
6530
4553
152
4555
165
3586
167
168
169
170
171
3179
3964
3965
3966
3967
3968
3969
3970
3971
7570
7571
3974
3975
185
186
6553
188
6555
1785
4906
4907
7582
3410
3411
3412
3413
3414
3415
3416
3417
3418
3419
3420
3421
3422
3423
3424
4988
4989
4990
4991
5249
5250
5251
5252
5253
5254
2736
2737
2738
2739
2740
2741
5004
2743
2744
7138
7139
7140
7141
7142
7143
198
199
2753
2754
2755
2756
2757
7151
7152
7153
208
209
210
211
212
2766
2767
2768
2769
2770
2771
2772
2773
2774
2775
2776
2777
2778
2779
2780
2781
2782
2783
2784
2785
2786
2787
6023
2789
2790
2791
2792
2793
2794
2795
2796
2797
6033
6034
6035
6036
6037
6038
6039
6040
6041
6042
6043
2809
2810
2811
6047
2813
7083
7084
7085
7086
2818
6054
7089
7090
3015
2823
2824
2825
2826
2827
2828
2829
2830
2831
2832
2833
2834
2835
2836
2837
2838
2839
2840
2841
2842
2843
2844
2845
2846
2847
2848
2849
2850
2851
2852
2853
2854
2855
2856
2857
2858
2859
2860
2861
2862
2863
2864
2865
2866
2867
2868
2869
2870
2871
2872
2873
3176
3177
3178
6114
6115
6116
2880
2881
2882
2883
7917
6122
6123
6124
3190
3191
7923
7924
7925
7926
7927
7928
7929
7930
5036
5037
5038
5039
5040
5041
5042
5043
5044
5045
570
5047
572
6559
6560
6561
576
6563
6564
2917
4490
4491
4492
4493
4494
4495
4496
4497
4498
4499
4500
4501
3118
3119
3120
3121
2047
2048
2049
2050
2051
2052
2053
2054
2055
2056
2057
2058
2059
2060
2061
2062
2063
2064
2065
4525
4526
4527
4528
4529
4530
4531
4532
4533
4534
4535
1240
4537
4538
4539
4540
4541
4542
4543
4544
4545
4546
4547
4548
4549
4550
4551
4552
4553
4554
4555
4556
4557
4558
4559
4560
4561
4562
4563
4564
4565
4566
4567
2055
4569
4570
4571
4572
4573
4574
4575
4576
4577
4578
2066
4580
4581
4582
4583
4584
4585
4586
4587
4588
4589
4590
560
4592
4593
4594
4595
4596
4597
4598
4599
4600
4601
4602
4603
4604
4605
4606
4607
4608
4609
4610
4611
4612
4613
4614
4615
4616
4617
4618
4619
4620
4621
4622
4623
4624
4625
4626
4627
4628
6648
6649
6650
4632
4633
6653
6654
6655
6656
6657
6658
6659
6660
4642
4643
4644
4645
4646
4647
4648
4649
4650
4651
3524
7290
3526
3527
6369
6370
6371
6372
6373
6374
6375
6376
6377
6378
635
636
637
638
639
640
641
642
643
644
645
646
647
648
649
650
651
652
653
654
655
656
657
658
659
660
661
1000
1001
1002
1003
1004
1005
1006
1007
1008
1009
1010
1011
1012
6130
6131
6132
6133
6134
6135
6136
6137
6138
6558
1023
1024
1025
1026
1027
1028
1029
1030
1031
1032
1033
1034
4663
4664
4665
4666
4667
1722
1723
4670
2955
2956
2957
2958
2959
2960
2961
2962
2963
2964
2965
2966
2967
2968
2969
2970
4373
4374
4375
4376
4377
2976
5242
5243
5244
1750
1751
1752
5248
4386
4387
4388
4389
4390
5254
4392
4393
454
4395
456
4751
5580
5262
460
461
462
1635
1636
5268
5269
5270
5271
5272
5273
5274
5275
5276
5277
5278
3250
5280
5281
479
480
481
482
483
484
485
6030
6031
6032
6033
6034
6035
7613
5296
5297
5298
5299
5300
5301
5302
5303
5304
5305
5306
5307
5308
5309
5310
5311
5312
5313
5314
5315
3287
7635
7636
3290
7638
7639
7640
7641
7642
5325
5326
7645
7646
7647
5330
7649
7650
7651
7652
7653
7654
7655
7656
7657
7658
7659
7660
7661
7662
7663
7664
7665
7666
7667
7668
7669
7670
7671
7672
7673
7674
7675
7676
7677
7678
7679
7680
7681
7682
5365
5366
7685
7686
7687
7688
7689
5372
5373
5374
2906
2907
2908
882
883
884
885
886
887
888
889
890
891
892
893
894
895
896
897
898
899
900
901
902
903
904
905
906
907
570
571
572
573
574
575
576
2282
2283
2284
2285
5734
5735
5736
5737
5738
5739
5740
5741
5742
5743
5744
592
593
594
595
596
597
598
599
600
601
3426
5756
500
5758
6336
6337
6338
6339
6340
6341
6342
6825
6826
6497
6498
6499
6500
6831
6502
6503
6504
6505
6506
6507
6356
6357
6510
6511
6512
6513
7129
7130
6516
973
974
975
976
977
978
979
980
6525
982
983
984
6529
986
987
988
989
990
991
992
993
994
995
996
997
998
999
1000
1001
1002
1003
1004
1005
1006
1007
1008
1009
1849
1011
1012
1013
1014
1854
1855
1856
1857
2623
1020
1021
2626
1862
1863
1864
1865
1866
1867
1868
1869
1870
1871
1872
1873
7942
152
153
154
7946
7947
7948
158
159
160
161
162
7954
7955
7956
7957
7958
7959
7960
7961
7962
7963
7964
7965
7966
7967
7968
7969
7970
7971
7972
7973
7974
7975
185
7977
7978
7979
7980
7981
4170
4171
4172
4173
7986
4175
4176
4177
4178
4179
4180
4181
4182
4183
4184
4185
4186
4187
4188
4189
4190
4191
5791
5792
5793
4195
5795
4197
4198
5798
5799
5800
5801
5802
5803
5804
4206
4207
4208
4209
5809
4211
4212
4213
4214
5814
2793
4217
4218
5818
2225
2226
2227
2228
2229
2230
2231
3608
1287
2234
2235
2236
2237
897
898
899
900
901
902
1119
1120
1121
1122
1123
1124
1125
1126
1127
1128
1129
1130
1131
1132
1133
1134
1135
1136
1137
1138
1139
1140
1141
1142
1143
1144
1145
1146
1147
7709
7710
7711
7712
7713
7714
7715
7716
7717
7718
7719
7720
7721
7722
7723
7724
7725
7726
7727
7728
4499
7730
7731
7732
7107
7108
7109
7110
7111
7112
7113
7114
7115
7116
7117
7118
7119
7120
7121
7122
7123
7124
7125
7126
7127
7128
7129
7130
7131
7132
7133
7134
7135
7136
7137
7138
7139
7140
7141
7142
7143
7144
7145
7146
7147
7148
7149
7150
7151
7152
7153
7154
7155
7156
7157
7158
7159
7160
7161
7162
7163
7164
7165
7166
7167
7168
7169
7170
7171
7172
7173
7174
7175
7176
7177
7178
7179
7180
6717
6718
6719
6720
6721
6722
6723
6724
6725
6726
6727
6728
6729
6730
6731
6732
6733
6734
6735
6736
6737
6738
6739
6740
6741
6742
6743
6744
4829
6746
4831
3662
3001
3002
3003
3004
3005
3006
6704
6705
6706
6707
6708
6709
6710
6711
6712
6713
6714
6715
6716
6717
6718
6719
6720
6721
6722
6723
6724
6725
6726
6727
6728
6729
6730
6731
6732
6733
6734
6735
6736
6737
6738
6739
6740
6741
6742
6743
6744
6745
6746
6747
6925
6926
6927
6928
6929
6930
6931
6932
6933
1734
1735
1736
3731
3732
3733
3734
3735
3736
1072
3738
1074
1075
1076
1077
1078
1079
1080
1081
1082
6954
6955
6956
6957
6958
6959
6960
6961
6962
6963
6964
6965
6966
6967
7928
7929
770
7931
7932
773
774
775
776
777
778
6341
780
2195
2196
2197
6346
7072
2200
2201
2202
1789
1790
1791
2206
1793
1794
795
796
1797
2212
2213
2214
2215
2216
2217
2218
2219
2220
2221
2222
2223
2224
2225
2226
2227
2228
2229
2230
2231
2232
2233
2234
2235
2236
2237
2238
2239
2240
2241
7289
7290
2472
2473
2474
2121
2122
2123
2124
2125
2126
6320
6321
2129
6323
2131
2132
6326
2134
6328
6329
2137
2138
2139
6333
6334
4834
4835
2144
2499
2500
2501
6341
6884
6885
6886
6887
5944
3769
3770
3771
3772
3773
5950
3775
3776
3777
3778
3779
2165
2166
2167
2168
2169
2170
2171
2172
2173
2174
2175
2176
2177
2178
2179
2180
2181
2182
2183
2184
2185
2186
2187
2188
2189
2190
2191
2192
2193
2194
2195
2196
2197
2198
2199
2200
2201
2202
5228
6251
5230
5231
5232
5233
5234
2210
2211
2212
2213
2214
2215
2216
2217
2218
2219
2220
2221
2222
2223
2224
2064
6273
902
903
904
905
906
907
908
909
5669
5670
5671
5672
5673
5674
5675
5676
5677
5678
5679
5680
5681
5682
5683
5684
5685
1073
1074
5688
1076
1077
1078
1079
1080
1081
1082
1083
1084
1085
1086
1087
1088
1089
1090
1091
1092
5800
3659
1095
1096
3662
7682
5806
7684
7685
7686
7687
7688
1105
4657
4658
4659
4660
6998
3676
3677
3678
4665
4666
185
186
187
188
189
190
191
192
193
194
195
196
197
198
199
200
201
202
203
204
205
206
207
208
209
210
211
212
213
214
215
216
217
218
219
220
221
222
223
224
225
226
227
228
229
230
231
232
233
234
235
236
237
238
239
3427
3428
3429
1942
1943
6032
6033
6034
6035
249
1606
1607
6039
6040
6041
6042
6043
257
258
259
260
302
303
304
305
306
307
308
309
310
311
7480
7481
7482
7483
7484
7485
7486
7487
7488
7489
7490
7491
7492
7493
7494
7495
7496
7497
7498
7339
7340
7341
2376
2377
2378
2379
2380
2381
2382
2383
2384
2385
7357
7358
7359
7360
7361
7362
7363
7364
7365
7366
7367
7368
2398
2399
2400
2401
2402
2403
2404
2405
2406
7378
7379
2409
7381
2411
7383
7384
7385
7386
7387
7388
7389
7390
7391
7392
7393
7394
7395
7396
7397
7398
7399
7400
7401
7402
7403
7404
7405
7406
7407
7408
7409
7410
3165
3166
3167
3168
3169
3170
3171
3172
3173
3174
7421
7422
5319
5320
5321
5322
7427
7428
3183
3184
7431
3186
6728
7434
7435
6731
6732
7438
7439
6735
6736
6737
6738
6739
6740
3200
3201
3202
3203
3204
3205
3206
3207
3208
3209
3210
3211
3212
3213
3214
3215
3216
3217
3218
3219
3220
3221
3222
3223
3224
3225
3226
3227
3228
3229
3230
3231
3232
3233
3234
3235
3236
3237
3238
3239
3240
3241
3242
3243
3244
3245
3246
3247
3248
3249
3250
3251
3252
3253
3254
3255
3256
3257
3258
3259
3260
3261
3262
5243
5244
3265
3266
3267
3268
3269
3270
3271
3272
3273
3274
3275
3276
3277
3278
3279
3280
3281
3282
3283
3284
3285
5060
3287
5062
5063
5064
5065
5066
5067
5068
5069
5070
5071
5072
5073
5074
5075
5076
5077
5078
5079
5080
5081
5082
5024
5025
5085
5086
5293
5294
321
3316
5297
5298
5299
5300
5301
5302
5303
5304
5305
5306
5307
5308
5309
5310
5311
5312
5313
5314
5315
5316
5317
5318
5319
5320
5321
5322
5323
5324
4325
4326
4327
4328
4329
4330
4331
4332
4333
3419
3420
4775
4776
4777
4778
4779
4780
4781
4782
4783
4784
4785
6671
6672
6673
6674
6675
6676
4792
6678
4794
4795
4796
4797
4798
4799
4800
4801
4802
4803
4804
4805
6691
6692
6693
6694
6695
6696
4812
4374
6699
4376
4377
4378
4379
4819
4820
4821
4822
4823
4824
4825
4826
4827
4828
4829
4830
4831
4832
6262
4834
4835
5518
5519
5520
5521
7283
7765
7285
7286
7287
7288
7770
7771
7291
7773
7293
6280
7295
7296
7297
7298
7299
7300
7301
7302
7303
7304
7305
7306
7307
7308
7309
7310
7311
7312
7313
7314
7315
7316
6303
6304
7319
7320
4865
7322
4867
7324
7325
6672
4700
6674
7329
7330
7331
7332
1394
1395
1396
1397
1398
1399
1400
7340
7341
7342
7343
7344
7345
7346
7347
7348
7349
7350
7351
7352
7353
7354
7355
7356
7357
7358
7359
7360
7361
7362
7363
7364
7365
7366
7367
7368
4167
4914
4915
4916
4917
4918
4919
4920
4921
4922
4923
4924
4925
4926
4927
4928
4929
4930
4931
4932
4933
4934
4935
4936
4937
4938
4939
4940
4783
4784
4785
4786
4787
4788
4789
4790
4791
4792
4793
4794
4795
4796
4797
1282
7982
7983
7984
1275
1276
7987
7988
7226
761
7228
7229
4810
4811
7232
7233
7234
1972
770
2471
2472
1976
7240
7241
7242
4823
4824
7245
7246
7247
7248
7249
7250
2485
2486
2487
2488
2489
4836
4837
2492
2493
2494
2495
2496
2497
2498
2499
2500
4847
4848
4849
4850
4851
4852
4853
4854
4855
4856
4857
4858
4859
4860
4861
4862
4863
4864
4865
2023
2024
2025
4869
4870
1403
1404
1331
1789
1790
1791
1792
1793
1794
1795
1796
1797
1798
6505
6506
6507
1802
6509
6510
6511
6512
6513
6514
6515
6516
5985
5986
5987
5988
5989
6522
2964
2965
2966
2967
2968
2969
2970
2971
2972
2973
2974
2975
2976
2977
2978
2979
2980
2981
2982
2983
2984
2985
2986
2987
4617
4618
4619
4620
4621
4622
4623
4624
4625
4626
4627
4628
4629
4630
4631
4632
4633
4634
4635
4636
4637
4638
4639
7850
7851
7852
7853
2453
2454
2455
2456
2457
2458
2459
2460
2461
3148
4595
4596
4597
4598
4599
4600
4601
7871
4603
4604
4605
4606
4607
4608
4609
4610
4611
4612
4613
4614
4615
4616
4617
4618
4619
4620
4621
4622
4623
4624
4625
4626
4627
4628
4629
4630
4631
4632
4633
4634
4635
4636
4637
4638
4639
4640
4641
4642
2358
2359
2360
2361
2362
2363
2364
2365
2366
2367
2368
2369
2370
2371
2372
2373
2374
2375
2376
2377
2378
2379
2380
366
2382
368
369
370
371
372
2388
2389
2390
2391
2392
2393
2394
2395
2396
2397
383
2723
2796
2797
1571
2623
6477
2625
2626
2803
6481
6482
6483
6484
6485
6486
6487
6488
6489
6490
6491
6492
7252
6494
1414
1415
1416
1417
1418
1419
1420
1421
1422
1423
1424
1425
1426
1427
1428
1429
1430
1431
1432
1433
1434
1435
2768
2769
749
750
751
2773
6523
6524
2672
2673
2850
2851
2676
2677
2678
2855
2680
2857
2858
2683
2684
2685
2686
2687
987
988
2690
5589
5590
5591
5592
4207
4208
4209
4210
4211
4212
4213
4214
4215
4216
4217
4218
4219
4220
4221
4222
4223
4224
4225
4226
4227
4228
7211
4230
4231
4232
4233
4234
4582
4583
4584
4585
4586
4587
4588
4589
4590
4591
4592
4593
4594
4595
2975
2976
2977
2978
2979
2980
6953
6954
6955
6956
6957
6958
6959
6960
6961
6962
6963
6964
6965
6966
6967
6968
6969
6970
6971
6972
6973
6974
6975
6976
6977
6978
6979
6980
6981
6982
6983
6984
6985
6986
6987
6988
6989
6990
6991
6992
6993
6994
6995
3487
3488
3489
3490
3491
4650
4651
3494
4653
4654
4655
4656
4657
4658
4659
4660
4661
4662
4663
4664
4665
4666
4667
4668
1089
1090
1091
3514
3515
3516
1095
3518
3519
3520
3521
3522
3523
3524
3525
3526
3527
3528
2790
3530
3531
3532
3533
2795
2796
2797
2798
2799
2800
2801
2802
3542
2804
2805
2806
2807
2808
2809
2810
3550
3551
3552
3553
3554
3555
3556
3557
3558
3559
3560
3561
3562
3563
1050
1051
1052
3567
3568
3930
3931
3932
3933
3934
3935
1763
5714
5715
5716
5717
5718
5719
6928
6929
6930
6931
6932
6933
5726
5727
5728
6937
5730
5731
5732
6941
6942
6943
6944
6945
5738
6947
6948
5741
6950
6951
6952
6953
6954
6955
6956
6957
6958
6959
5752
6961
1719
5755
5756
5757
6107
5759
1725
1726
6111
6112
6113
1730
6115
6116
6117
6118
6119
6120
6121
6122
6123
6124
6125
6126
6127
6128
6129
6130
6131
6132
6133
6134
6135
6136
7526
6138
6139
6140
6141
6142
6143
6144
6145
6146
6147
6148
1570
1571
1572
1573
1574
1575
1576
4457
6359
6360
6361
6362
6363
6364
6365
6366
4466
4467
4468
4469
4470
4471
7788
7654
7655
7656
7657
7658
7659
7660
7661
7662
7663
5936
7665
7666
5322
5323
7669
7670
7671
1611
1612
3909
3910
7811
7812
7813
7814
3915
7816
7817
3918
7819
7820
7821
7822
7823
7824
7825
7826
7827
7828
5863
4763
4764
5679
5680
6419
544
545
546
547
548
549
6426
6427
6428
6429
6430
555
556
557
558
559
5786
5787
5788
563
6143
6144
5792
6146
6147
6148
6367
6368
6369
6152
6371
5187
5188
5189
284
285
286
287
5194
6380
6381
1863
6383
6384
6385
6386
6387
6388
6389
5205
5206
6392
6393
6394
6395
6396
6397
6398
6399
6400
6401
1883
1884
1885
1886
1887
1888
1889
6409
1891
1892
1893
1894
1895
1896
1897
1898
1899
1900
1901
1902
1903
1904
1905
1906
1907
1908
1909
1910
1911
7399
1913
1914
1915
7403
1917
7405
1919
1920
1921
1922
1923
1924
1925
1926
1927
2369
1929
22
23
2373
2374
2375
2376
2377
2378
2379
2380
2381
259
260
261
2385
2386
2387
2388
763
4260
4261
4262
4263
4264
4265
770
4267
6336
6337
4672
4271
4272
4273
4274
4275
4276
4277
4278
4279
4280
4281
289
290
2414
2415
7270
7271
7272
296
297
298
299
300
301
302
2426
6973
7282
7283
7284
308
309
310
1550
1551
1552
7852
7853
5391
5392
5393
5394
5395
5396
5397
5398
5399
5400
5401
5402
5403
5404
5405
5406
5407
5408
5409
5410
5411
5412
5413
5414
5415
5416
5417
5418
5419
5420
5421
5422
5423
5424
5425
5426
5427
5428
5429
5430
5431
5432
5433
5434
5435
5436
5437
5438
5439
5440
5441
16
17
5444
4348
7348
21
22
23
24
376
377
5453
5454
5455
5456
5457
5557
5558
5559
386
387
388
389
390
6790
6791
3786
6793
208
209
210
4297
212
213
214
215
216
217
218
219
220
221
222
223
224
225
226
227
228
229
230
231
232
233
234
235
236
237
238
239
240
241
242
243
244
245
246
1904
1905
1906
1907
1908
2466
2467
2468
2469
2470
2471
2472
2473
1917
2475
2476
2477
2478
2479
2480
2481
2482
2483
2484
2485
2486
2487
2488
2489
2490
2491
2492
2493
2494
2495
2496
2497
2498
2499
2500
2501
2502
2503
2504
2505
2506
2507
2508
2509
2510
2511
2512
2513
2514
1258
1259
1260
1261
1262
1263
1264
1265
1266
1267
1268
1269
1270
1271
1272
1273
1274
1275
1276
1277
1278
1279
5028
5029
5030
5031
5486
5033
5034
5035
5036
5037
5038
5493
5494
5495
1294
1295
1296
1297
1298
1299
1300
1301
1302
1303
1304
1305
1306
1307
1308
1309
1310
1311
1312
1313
1314
1315
1316
1317
1318
1319
1320
1321
1322
1323
1324
1325
1326
1327
1328
1329
1330
1331
1332
1333
1334
1335
1336
1337
1338
1339
1340
1341
1342
1343
1344
1345
1346
1347
1348
1349
1350
1351
1352
4975
1354
4977
4978
2319
1358
1515
1360
1361
1362
2325
2326
2327
2328
2329
2330
1369
1370
1371
3014
3015
3016
3017
3018
3019
3020
3021
3022
3023
3024
3025
3026
3027
3028
3029
3030
3031
3032
3033
3034
3035
3036
3037
1902
3039
3040
3041
3042
3043
3044
3045
3046
3047
3048
3049
3050
3051
3052
3053
3054
3055
3056
3057
3058
3059
3060
3061
3062
3063
3064
6914
6915
6916
6917
6918
6919
6920
6921
6922
6923
6924
6925
6926
2076
2077
6929
2079
2102
2081
2104
2083
529
530
531
532
533
534
535
536
537
538
539
540
541
542
3098
3099
3100
3101
3102
3103
3104
3105
3106
3107
3108
6960
3110
6962
3112
5429
5430
5431
5432
6782
6783
5435
5436
5437
5438
5439
5440
5441
5442
5443
5444
5445
5446
5447
5448
5449
5450
5451
5452
5453
5454
5455
5456
5457
5458
5459
5460
5461
5462
5463
5464
5465
5466
5467
5468
5469
5470
5471
5472
5473
6422
6423
6424
5477
5478
5479
7708
7709
6430
7711
7712
6433
7714
6435
6436
6437
6438
6439
2180
7850
7851
7852
6444
6445
6446
6447
6448
6449
6450
6451
6452
6453
6454
6455
1106
1107
6458
4098
4099
1297
6618
1299
6620
6621
6622
6467
4107
4108
4109
4110
4111
4112
4113
4114
4115
4116
1314
1315
1316
6637
6638
6639
1320
1321
6642
6643
6644
3216
6646
3218
6648
3220
3221
3222
3223
2039
2040
3226
3227
3228
3229
3230
5509
5510
5511
3885
3886
7297
3888
3889
3890
3891
3892
3893
3894
4223
4224
4225
4226
4227
4228
4229
4230
4231
4232
4233
4234
5534
5535
5536
4739
4740
4741
489
490
491
492
493
494
3919
6488
6489
6987
6988
6989
4636
4637
4638
6993
6994
4759
6996
6997
6998
6999
4764
7001
7002
4767
4768
4769
4770
7007
4772
2145
2146
2147
2148
4777
4778
4779
4780
4781
4782
4783
2156
2157
2158
2159
2160
2161
2162
2163
2164
2165
2166
2167
2168
2169
2170
2171
2172
2173
2174
2175
2176
4158
7042
4160
4161
4162
7046
7047
7048
7049
7050
2187
7052
2189
2190
2191
2192
2193
2194
2195
2196
2197
2198
2199
2200
2201
2202
2203
2204
2205
2206
2207
946
2209
948
949
2212
2213
2214
2215
2216
2217
2218
2219
2220
2221
1385
1386
1387
963
964
7808
7809
7810
7811
7812
7813
7814
5584
5585
5586
5587
5588
5589
5590
5591
6119
5593
6121
6122
5596
5597
5598
5599
5600
5601
5602
5603
5604
5605
5606
6134
6135
6136
5610
6138
5612
6140
6141
6142
6143
6144
6145
6146
6147
6148
6149
5623
6151
6152
6153
5548
5549
6156
5551
6158
7863
7864
6161
6162
6163
6164
6165
359
360
2392
7873
2394
2395
2396
7877
6174
6175
7880
2401
2402
7883
1960
1961
1962
376
2408
5279
2410
2411
2412
2413
2414
2415
2416
2417
1497
388
1499
1500
7902
7903
1503
1504
1505
1506
1507
1508
1509
1510
1511
1512
1513
1514
1515
1516
1517
1518
2522
5148
5149
5150
498
499
500
501
502
503
5827
5828
5829
5830
5831
5832
5833
5834
4964
5836
3649
4967
4968
4969
4970
4971
4972
4973
3657
3658
4976
3660
3661
3662
3663
3664
3665
3666
3667
3668
3669
3670
3671
6112
6113
6114
3364
3365
173
6118
175
176
6121
6122
6123
6124
6125
182
183
184
185
4186
4187
4188
4189
4190
4191
4192
4193
4194
5250
3156
3157
3158
3159
3160
3161
3162
3163
3164
1599
4206
4207
4208
4209
4210
4211
1606
4625
4626
4627
4628
4629
4630
4631
849
850
851
852
853
854
855
1903
857
858
5460
5461
5462
5463
5464
5465
5466
5467
5468
5469
5295
5296
5297
5298
5299
5300
875
876
5478
5479
4387
4388
5482
4665
5484
5485
5486
5487
4395
4396
4672
4673
4674
3223
3281
3282
3283
3284
897
7104
5500
7106
7107
7108
7109
5505
7111
7112
6213
3296
6215
3298
3299
3300
3301
3302
3303
3304
3305
3306
3307
3308
3309
3310
3311
3312
3313
3314
3315
4685
6127
7136
4784
4785
4690
4691
4788
4789
4790
4791
4792
4697
4698
4699
4796
4797
4798
4799
4800
6542
4802
4803
4804
4805
4806
4807
4712
4809
4714
4715
4716
839
840
841
842
843
844
845
6413
847
848
849
850
851
3997
3998
3999
4000
4001
4002
4003
4004
4005
4006
4007
4008
4009
4010
4011
4012
4013
4014
4015
4016
4017
4018
4019
4020
4021
4022
4023
4024
4025
4026
4523
4524
4525
4526
4031
4032
4033
4034
4035
4036
4037
2726
4039
2728
4537
4538
4539
4540
2733
2734
4543
4544
4545
7546
4547
4548
4549
7598
7599
7600
7601
1817
1818
1819
4557
7558
7559
7560
7561
7562
7563
7564
7565
6107
6108
6109
6110
6111
6112
6113
6114
6115
6116
5793
5794
5795
5796
5797
5798
4035
4036
4037
5802
5803
7587
7588
7589
7590
7591
7592
7593
7594
7595
7596
7597
7598
7599
7600
1390
7602
7603
7604
1745
1746
1747
1748
1749
3635
3636
1752
1753
1754
1755
1756
3642
4453
4123
4124
4125
4126
4127
4128
4129
4130
4131
4132
4133
4134
4135
4136
4137
4138
1167
1168
1169
1170
4474
4475
4476
6475
6476
6477
6478
4281
4282
4283
7377
7378
4155
4156
5604
4158
4159
4160
4161
4162
2435
4164
2437
4166
4167
4168
4169
4170
4171
4172
4173
4174
4175
4176
4177
4178
4179
4180
4181
4182
4183
4184
6036
4186
4187
4188
4189
4190
4191
4192
4193
4194
4195
4196
6048
6049
6050
2472
2473
2474
6054
6055
6056
6057
6058
6059
1723
1724
1725
1726
1727
1728
6066
6067
4811
5393
5394
5395
5396
5397
5398
5399
5400
5401
5402
5403
5404
5405
5406
5407
5408
5409
5410
5411
5412
5413
5414
5415
5416
5417
5418
5419
5420
4069
4070
4071
4072
4073
4074
5264
5265
5266
5267
5268
5269
5270
5271
5272
5273
5274
5275
5276
5277
5278
5279
5280
5281
5282
5283
5284
5285
5286
5287
5288
5289
5290
5291
5292
5293
5294
5295
5296
5297
5298
5299
5300
5301
5302
5303
5304
5305
6289
6290
6291
6292
6293
6294
4326
6296
6297
6298
6299
6300
6301
6302
1180
1181
2019
1183
1184
1185
1186
1187
6311
1189
1190
1191
1192
1193
1194
1195
1196
1197
1198
1199
1200
1201
1202
6326
6327
6328
6329
6330
6331
6332
6333
6334
6335
6336
6337
6338
6339
6340
6341
6342
6343
6344
6345
5880
6347
6348
6349
3041
6351
3043
2067
2068
2069
2070
2071
2072
2073
2074
2075
2076
2077
1578
1579
1580
2081
2082
3060
1584
1585
1586
2087
3065
3066
2090
2091
2092
2093
2094
2095
2096
2097
2098
2099
2100
2101
2102
2103
2104
2105
2106
2107
2108
2109
2110
2111
2112
2113
2114
2115
3892
3893
3894
3895
3896
3897
3898
3899
3900
3901
3902
3903
3904
3905
3906
3907
3908
3909
3910
3911
3912
3913
3914
3915
3916
3917
3918
3919
3920
3921
3922
3923
3924
3925
3926
3927
3928
3929
3930
3931
3932
3933
3934
3935
3936
3937
3938
3939
3940
3941
3942
3943
3944
3945
3946
3947
3948
3949
3950
3951
3952
3953
3954
3955
206
207
208
209
210
211
212
213
214
215
216
2802
2803
2804
2805
2806
2807
2808
2809
2810
2811
2812
2813
5222
5223
5224
5225
5226
5227
5228
5229
5230
5231
5232
5233
5419
5420
5421
5422
5423
5424
5425
5426
5427
3261
4885
4886
4887
4888
4889
4890
4891
4892
4893
5253
5254
4896
4897
4898
4899
3277
3278
3279
3280
3281
3282
4906
4907
4908
4909
4910
4911
3289
4913
3291
1790
3293
3294
4918
3296
4920
3298
3299
3300
3301
3302
3303
3304
3305
3306
3307
3308
5698
5699
5700
5701
5702
3314
3315
3316
3317
3318
5708
5709
4750
4751
4752
4753
4754
4755
4756
4757
4758
1206
1207
1208
1209
4763
4764
4765
4766
4767
4768
4769
4770
4771
4772
4773
4774
4775
4776
4777
4778
4779
4780
4781
4782
2453
2454
2455
2456
2457
2458
2459
2460
2461
2462
2463
2464
4795
4796
4797
1245
1246
1247
1248
1249
1250
1251
1252
4806
4807
4808
4809
4810
4811
4812
4813
4814
4815
1263
1264
1265
1266
1267
1268
1269
1270
1271
1272
1273
1274
1275
1276
1277
1278
4448
1280
1281
1282
1283
1284
1285
1286
1287
1288
1289
1290
1291
1292
1293
1294
1295
1296
1297
1298
1299
1300
1301
1302
1303
1304
1305
4475
4476
4477
4478
4479
4480
4481
4482
4483
4484
4485
4486
4487
7706
7707
4490
4491
7710
7711
7712
1326
1327
1328
1329
1330
1331
1332
4502
4503
4504
792
793
794
795
796
797
798
799
800
801
802
803
804
805
806
807
808
809
810
811
812
813
814
815
816
817
818
819
820
821
2203
7832
7833
7834
7835
7836
7837
7838
7839
7840
7841
7842
7843
7844
7845
7846
7847
7848
7849
7850
842
843
7853
7854
7855
7856
7857
7858
7859
3580
4410
4411
4412
4413
4414
4415
4416
4417
860
5405
4420
2403
2404
5409
5410
5411
2977
2978
2410
2411
2412
6089
6090
6091
5443
5444
5445
5446
5447
5448
5449
5450
5451
5452
5453
5454
5455
5456
5457
5458
5459
5460
5461
5462
5463
5464
5465
5466
5467
5468
5469
5470
5471
5472
6752
5474
5475
5476
6756
6757
6758
6759
6760
6761
5340
5341
5342
5343
908
2535
910
911
912
913
914
6773
916
6775
6776
6777
6778
6779
6780
6781
570
571
6784
6785
6786
6787
6788
6789
6790
4243
580
581
582
4247
2955
4249
4250
6799
7092
6801
6802
6803
6804
6805
6806
6807
6808
6809
6810
6811
6764
7754
7755
3472
7757
7758
7759
7760
7761
7762
7763
7764
3481
7766
3483
3484
3485
3486
3487
3488
3489
3490
3491
3492
3493
3494
3495
3496
3497
3498
3499
3500
3501
4025
4026
4027
1114
1115
3507
1117
3509
3510
2029
3512
3513
3514
3515
3516
3517
2036
3519
3520
3521
3522
3523
3524
3525
3526
3527
3528
3529
3530
3531
3532
3533
3534
3535
3536
3537
3538
3539
3540
2059
2060
2061
2062
2063
2064
2065
2066
2067
2068
2069
2070
2071
2072
2073
2074
2075
2076
2077
2078
2079
2080
2081
2082
2083
2084
2085
2086
2087
2088
2089
2090
2091
2092
2093
7406
7407
7408
7409
2098
7411
7412
7413
2102
6162
2104
2105
3866
7419
3868
3869
3870
3871
3872
3873
3874
3875
3876
4636
7430
7431
7432
7433
7434
7435
2124
2125
2126
2127
4647
4648
4649
4650
4443
4444
4445
4654
2532
4448
2534
2535
2536
2537
2538
7599
7600
2541
7602
2543
7604
2545
2546
2547
2548
2549
2550
2551
2552
2553
2554
2555
2556
2557
2558
2559
2560
2561
2562
2563
2564
2565
2566
2567
2568
2569
2570
2571
2572
5495
5496
2575
5498
5499
20
21
22
23
24
25
26
27
28
29
30
31
32
33
34
35
36
37
38
39
40
41
42
43
44
45
46
47
48
49
50
51
52
53
2358
2359
2360
2361
2362
7455
7456
7457
7458
7459
7460
7461
7462
7463
7464
7465
7466
7467
7468
7469
7470
7471
7472
7473
7474
7475
7476
7477
7478
7479
5035
7481
5037
5038
5039
5040
6431
5042
5043
5044
5045
5046
5047
5048
5049
5050
3034
3035
3036
3037
3038
3039
3040
3041
3042
3043
3044
3045
3046
3047
3048
3049
3050
3051
118
119
120
121
122
123
124
760
761
762
763
764
765
766
767
768
769
770
771
772
773
774
775
776
777
778
779
780
781
782
783
784
785
786
787
788
789
790
791
792
793
794
795
796
797
798
799
800
801
802
803
804
805
806
807
808
809
810
811
812
813
814
815
816
817
818
819
820
821
822
823
824
825
826
827
828
829
830
831
832
833
834
835
836
837
838
839
840
841
842
843
844
845
846
847
848
849
850
851
852
853
854
855
