4762
4763
6497
6498
6499
6500
6501
6502
6503
6504
6505
6506
6507
6508
6509
6510
6511
6512
6513
6514
6515
6516
6517
6518
6519
6520
6521
6522
6523
6524
6525
6526
6527
6528
6529
6530
6531
6532
6533
6534
6535
6536
6537
6538
6539
6540
6541
6542
6543
6544
6545
6546
6547
6548
6549
6550
6551
6552
6553
6554
6555
6556
6557
6558
6559
6560
6561
6562
6563
6564
6565
6566
6567
6568
6569
6570
6571
6572
6573
6574
6575
6576
6577
6578
6579
6580
6581
6582
6583
6584
6585
6586
6587
6588
6589
6590
6591
6592
6593
6594
6595
6596
6597
6598
6599
6600
6601
6602
6603
6604
6605
6606
6607
6608
6609
6610
6611
6612
6613
6614
6615
6616
6617
6618
6619
6620
6621
6622
6623
6624
6625
3385
3386
6628
3388
3389
3390
3391
3392
3393
3394
12953
3677
3678
3679
3680
3681
3682
3683
3684
3685
3686
3687
3688
3689
3690
3691
3692
3693
3694
3695
3696
3697
2934
3699
3700
2937
2938
3703
2940
2941
2942
2943
2944
2945
2946
2947
2948
2949
2950
2951
2952
2953
2954
2955
2956
2957
2958
15977
2960
15979
15980
15981
15982
15983
15984
2967
2968
2969
2970
2971
2972
2973
2974
2975
2976
2977
2978
2979
2980
2981
2982
2983
2984
2985
2986
2987
2988
2989
2990
2991
2992
2993
2994
2995
2996
2997
2998
2999
3000
3001
3002
3003
3004
3005
3006
3007
959
960
961
962
963
964
965
966
967
11869
11870
11871
11872
11873
11874
11875
11876
11877
11878
11879
11880
11881
11882
11883
11884
11885
11886
11887
11888
11889
7613
7614
7615
7616
7617
7618
7619
7620
7621
7622
12990
7624
7625
7626
7627
7628
7629
7630
7631
7632
7633
7634
7008
7636
7637
15018
15019
15020
15021
15022
7016
10601
7018
7019
7020
7021
7022
11991
7024
7025
7026
7027
7028
7029
7030
7031
7032
7033
7034
7035
7036
15044
15045
15046
7667
7668
15049
15050
7671
15052
15053
12015
12016
12017
15057
7678
12963
12964
12022
12023
12967
12968
15065
15066
15067
15068
15069
9434
9435
9436
15073
15074
15075
15076
15077
11629
9443
9444
8311
8312
8313
8314
13566
13567
15087
13569
2773
2774
2775
15092
15093
15094
15095
10437
15097
15098
13580
13581
13582
13583
13584
13585
10446
10447
13588
1129
1130
1131
1132
1133
1134
1135
1136
1137
1138
1139
1140
1141
1142
14036
14037
14038
1146
1147
1148
14042
1150
1151
1152
1153
1154
1155
1156
1157
9324
9325
9326
9327
9328
9329
9330
9331
9332
9333
9334
9335
9336
9337
9338
9339
9340
9341
9342
9343
9344
9345
9346
9347
9348
9349
9350
9351
9352
9353
9354
9355
9356
9357
9358
9359
9360
9361
9362
9363
9364
9365
9366
9367
9368
9369
9370
9371
9372
9373
9374
9375
9376
9377
12933
8018
8019
7346
7347
7348
7349
7350
7351
7352
12943
12944
12945
12946
12947
12948
12949
12950
12951
12952
12953
12954
12955
12956
12957
12958
12959
12960
12961
12962
12963
12964
12965
12966
12967
12968
12969
12970
12971
12972
12973
12974
10715
10716
10717
10718
10719
10720
10721
10722
10723
10724
10725
10726
10727
10728
10729
10730
10731
10732
10733
10734
10735
10736
10737
10738
10739
10740
10741
10742
10743
10744
10745
10746
10747
10748
10749
10750
10751
10752
15828
1433
1434
1435
1436
1437
1438
1439
15836
15837
15838
15839
15840
15841
15842
15843
15844
15845
15846
15847
15848
15849
15850
15851
15852
15853
15854
15855
15856
15857
15858
15859
15860
15861
15862
4534
4535
4536
15866
15867
15868
15869
15870
15871
15872
15873
15874
15875
15876
15877
15878
15879
15880
15881
15882
15883
15884
15885
15886
15887
15888
15889
15890
15891
15892
15893
15894
15895
15896
15897
15898
15899
15900
15901
15902
15903
15904
15905
15906
15907
15908
15909
15910
15911
15912
15913
15914
15915
15916
15917
15918
15919
15920
8106
8107
8108
8109
8110
8111
8112
8113
8114
8115
8116
8117
8118
6692
6693
6694
15701
15702
6210
15704
15705
10867
10868
10869
8130
10871
15711
10873
10874
8135
10876
8137
8138
8139
8609
8610
8611
8612
8613
8614
8615
8616
8617
8618
8619
8620
8621
8622
8623
8624
8625
8626
8627
8159
13796
13797
13798
8632
8164
8165
8166
15206
15207
9414
15209
9416
9417
9418
9419
9420
9421
9422
2573
2574
2575
2576
2577
2578
2579
2580
2581
2582
2583
2584
2585
2586
2587
2588
2589
2590
2591
2592
2593
2594
2595
2596
2597
2598
2599
8450
8451
2602
2603
2604
2605
2606
8024
8025
8026
8027
9346
9462
9348
9464
9350
9351
8034
8035
9354
9338
9356
9357
9341
9359
9360
9476
9477
10486
9479
9480
9481
9482
9483
9484
9485
9486
9487
9488
10497
10498
9938
9676
9677
9678
9679
9680
9681
9682
9683
9684
9685
9686
9687
9688
9689
9690
9691
9692
9693
9694
9695
9696
9697
9698
9699
9700
9701
9702
9703
9704
9705
9706
9707
14673
1514
1515
1348
1349
13155
13156
13157
1353
1354
1355
1356
1357
1358
1359
7790
1361
15545
1363
15547
15548
15549
1367
1368
1369
15553
15554
15555
15556
15557
15558
15559
15560
15561
15562
15563
15564
15565
15566
15567
15568
15569
15570
15571
13641
13642
8660
13644
13645
7414
8688
9492
7417
3657
7829
7830
9497
9498
7423
3663
3664
7426
7427
4168
7429
7430
7431
7432
7843
7844
7845
4176
7847
7848
7849
7850
7851
3681
3682
3683
7855
3685
3686
3687
3688
3689
7861
7862
7863
7864
7865
7866
7867
7868
7869
7870
7871
7872
7873
7874
9014
9015
9016
9017
3708
9019
9020
9021
9022
3713
3714
3715
3716
3717
3718
3719
3720
3721
9559
9560
9561
9562
9563
9564
7338
9566
7340
7341
7342
9570
9571
7345
9573
9574
9575
7349
7350
7351
7352
7353
7354
7355
9583
9584
9585
9586
9587
238
239
240
241
9592
243
244
245
246
247
7371
7372
8150
8151
8152
12722
7377
15530
7379
15532
2945
2946
2947
8161
13078
13079
13080
13081
2953
13083
13084
2956
9380
15546
9382
9383
9384
2962
10155
10156
10157
12748
12749
12750
12751
12752
12753
12754
12755
9142
9143
9144
9145
9146
9147
9148
9149
9150
9151
9152
9153
9154
9155
9156
9157
9158
9159
9160
9161
9162
9163
9164
9165
9166
9167
9168
9169
9170
9171
11282
11283
11284
11285
11286
11287
11288
11289
11290
11291
11292
11293
11294
11295
14743
14744
9502
14746
14747
14748
14749
14750
14751
14752
9510
9511
14755
14756
14757
14758
14759
14760
14761
9519
14763
14764
14765
14766
14767
9525
14769
14770
14771
14772
14773
14774
14775
14776
14777
14778
14779
14780
14781
14782
14783
14784
14785
14786
14787
14788
14789
9547
3278
3279
3280
3281
3282
14796
14797
3285
3286
3287
14801
14802
14803
14804
3292
3293
3294
3295
3296
3297
3298
3299
3300
3301
3302
3303
3304
3305
3306
383
384
385
386
387
388
389
390
391
392
393
394
395
9286
5397
5398
9289
5400
5401
5402
5403
5404
5405
5406
5407
5408
5409
5410
5411
5412
5413
5414
5415
5416
5417
5418
5419
5420
5421
5422
5423
5424
5425
5426
5427
5428
5429
5430
5431
5432
5433
5434
5435
5436
5437
15794
15795
5440
5441
5442
5443
5444
5445
5446
5447
5448
3213
5450
5451
5452
5453
5454
5455
5456
5457
5458
5459
5460
5461
5462
5463
8122
9376
8124
8125
8126
8127
8128
8129
8130
8131
8132
8133
8134
5244
10366
10367
10368
8139
8140
5250
3443
5252
5253
5254
5255
5256
5257
5258
5259
5260
6764
6765
6766
6767
6768
6769
6770
6771
6772
2455
2456
2457
2458
2459
2460
2461
2462
2463
2464
2465
2466
2467
2468
2469
2470
15623
15624
2473
2474
15627
15628
2477
2478
2479
2480
2481
2770
2483
2484
4454
4455
4456
4457
4458
4459
4460
4461
4462
4463
4464
4465
4466
4467
4468
4469
4470
4471
4472
4473
4474
4475
4476
4477
4478
4479
4480
4481
4482
4483
4484
4485
4486
4487
4488
4489
4490
4491
4492
4493
4494
4495
4496
4497
4498
4499
4500
4501
4502
4503
4504
4505
4506
4507
4508
4509
4510
4511
4512
4513
4514
6152
6153
6154
6155
6156
6157
6158
6159
6160
816
817
6163
6164
6165
6166
6167
6168
6169
6170
6171
6172
6173
6174
6175
6176
6177
6178
6179
6180
6181
6182
6183
6184
6185
6186
6187
6188
6189
11580
11581
11582
11583
11584
11585
11586
11587
11588
11589
11590
503
504
11593
11594
11595
11596
11597
11598
11599
11600
513
514
515
516
517
518
13045
7660
7661
522
523
524
525
526
527
528
529
530
531
532
533
534
535
536
537
538
539
540
541
542
543
544
545
546
547
548
549
550
551
552
553
554
555
556
557
558
559
560
561
562
563
564
565
566
2940
2941
569
6785
6786
6787
6788
574
575
576
13558
13559
10217
10218
581
10220
583
584
585
586
587
588
589
10163
10164
592
10166
10167
10168
10169
10170
10171
10172
10173
10174
2852
2853
2854
2855
10179
10180
10181
10182
10183
10184
2862
2863
2864
2865
10189
10190
2868
2869
10193
10194
10195
10196
10197
10198
10199
10200
10201
10202
10203
10204
10205
10206
10207
10208
10209
10210
10211
10212
10213
11154
11155
11156
11157
11158
11159
11160
11161
11162
11163
11164
11165
11166
11167
11168
11169
11170
12495
12496
12497
12498
15892
12500
12501
12502
12503
12504
12505
12506
12507
12508
6099
5136
5137
5138
5139
6104
6105
6106
12517
12518
12519
12520
12521
5148
5149
13085
13086
5152
5153
5154
5155
5156
1944
1945
1946
5160
5161
5162
5163
5164
5165
5166
5167
5168
5169
5170
5171
3202
12978
12979
3205
3206
3207
12983
12984
12985
12986
1076
5578
5275
5276
4746
4747
4748
4749
4750
4751
4752
4753
4258
4259
4756
4757
4758
4759
4760
4265
8688
8689
8690
3407
3408
3409
3410
3411
3412
3413
3414
3415
3416
3417
3418
3419
3420
3421
3422
3423
3424
3425
3426
3427
3428
3429
3430
3431
3432
3433
3434
3435
3436
1129
1130
1131
1132
1133
3442
3443
3444
3445
3446
3447
3448
3449
3450
3451
3452
3453
10080
10081
3456
5011
5012
5013
5014
5015
5016
5017
5018
5019
5020
5021
5022
5023
5024
5025
5026
5027
5028
5029
5030
5031
5032
5033
5034
3481
5036
5037
5038
5039
6124
13810
13811
13812
13813
13814
6130
13816
6132
6133
6134
6135
6136
6137
6138
9259
9260
9261
9262
9263
9264
9265
9266
9267
9268
9269
9270
2637
14956
14957
15358
2641
15360
2643
10931
10932
10933
10934
10935
10936
10937
10938
10939
10940
15607
15608
15609
15375
15611
15612
15613
15614
13419
13420
13321
13322
7646
13324
15277
15278
15279
15280
7265
432
12002
12003
12004
12005
12006
12007
12008
440
441
442
1283
1284
1285
1286
447
448
449
450
451
7286
7287
7288
455
7290
7291
7292
7293
7294
7295
7296
7297
7298
7299
7250
7251
7302
7303
7304
7305
7306
7307
7308
7309
9333
9334
4677
7313
4679
4680
4681
9340
9341
9342
9343
5729
5730
5731
5732
5733
5734
5735
5736
5737
5738
5739
5740
5741
5742
5743
5744
5745
5746
7339
7340
7341
7342
5751
5752
5753
5754
5755
5756
5757
5758
5759
5760
5761
5762
5763
5764
5765
5766
3957
3958
3959
3960
3961
3962
3963
3964
3965
3966
3967
3968
3969
3970
3971
3972
15219
15220
3975
3976
3977
3978
3979
3980
3981
3982
3983
3984
3985
3986
3987
3988
3989
3990
3991
3992
3993
3994
3995
3996
3997
3998
3999
4000
4001
4002
4003
4004
4005
4006
4007
4008
4009
4010
4011
4012
4013
4014
4015
4016
4017
4018
4019
4020
4021
4022
4023
4024
4025
4026
4027
4028
4029
4030
4031
4032
4033
4034
4035
1578
10045
10767
10768
10769
10770
10771
10772
10773
10774
10775
10776
10777
10778
10779
3650
10781
10782
3653
3654
10785
3656
3657
3658
3659
3660
3661
3662
3663
3664
3665
3666
10797
3668
3669
3670
3671
12136
12137
3674
11961
5405
5406
5407
5408
3680
3681
5411
5206
12148
5208
5209
5210
5417
12153
5419
5214
5215
5216
5217
7551
5219
5220
5221
7555
5223
5224
5225
5226
7560
7561
5435
5436
5437
5438
5439
2719
2720
2721
2722
2723
2724
2725
2726
2530
2531
2729
2533
2534
2535
2536
2537
2538
2539
2540
2541
5460
5461
13864
3817
10865
10866
2548
2549
14308
2551
14310
14311
14312
14313
14314
14315
14316
14317
14318
14319
14320
16009
14322
14323
14324
14325
14326
8999
9000
9001
14330
14331
13894
13895
13896
13897
10084
8297
8298
8299
8300
8301
8302
8303
8304
8305
6318
6319
6320
6321
8310
8311
8312
8313
8314
8315
8316
8317
8318
8319
8320
8321
8322
8323
14364
12725
6239
6240
6241
12729
6243
12197
12198
12199
12734
12735
12736
2916
2917
2918
2919
2920
2921
2922
2923
2924
2925
2926
2927
2928
8734
8735
8736
8737
8738
8739
8740
8741
8742
8743
8744
8745
8746
8747
6277
6278
8750
6280
6281
8696
8754
8471
2951
2952
2953
8475
2955
2956
2957
2958
2959
2960
2961
2962
2963
8769
2965
2966
8772
8773
8774
8775
2971
2972
8778
11885
11886
11887
11888
11889
11890
11891
11892
11893
11894
11895
11896
11897
11898
11899
11900
11901
11902
11903
11904
11905
11906
11907
11908
11909
11910
11911
11912
11913
11914
11915
11916
11917
11918
11919
11920
11921
11922
11923
11924
11925
11926
11927
11928
11929
11930
11931
11932
11933
11934
11935
11936
11937
11938
11939
11940
11941
11942
11943
11944
11945
11946
11947
11948
11949
11950
11951
11952
11953
11954
11955
11956
11957
11958
11959
11960
11961
11962
11963
11964
11965
11966
11967
11968
11969
11970
11971
11972
11973
11974
11975
11976
11977
11978
11979
11980
11981
11982
11983
11984
11985
11986
11987
11988
11989
11990
11991
11992
11993
11994
11995
11996
11997
11998
11999
12000
12001
12002
12003
12004
14022
14023
14024
14025
14026
14027
14028
12012
14030
12014
12015
12016
14034
14035
14036
14037
14038
14039
14040
14041
14042
14043
14044
14045
14046
14047
14048
14049
14050
14051
14052
14053
14054
7666
3771
3772
11487
14059
11618
11490
14062
14063
14064
14065
9627
14067
14068
12052
12053
12054
14072
12056
12057
12058
12059
9638
9639
7467
9641
9642
9643
9644
9645
9646
9647
9648
9649
9650
14574
14575
9653
14577
14578
9656
9657
9658
2629
2630
2631
8075
2862
8077
8078
8079
8080
8081
8082
8083
8084
1901
2998
8087
8088
8089
4447
4448
1908
1909
8094
8095
8096
13666
8098
8099
13669
1917
1918
4503
8104
1921
8106
8107
14846
14847
14848
14849
14850
14851
14852
14853
14854
14855
14856
14857
12331
14859
11132
8123
8124
8125
8126
13254
8128
8129
8130
13258
13259
8133
8134
8135
8136
8137
8871
8872
8140
8874
9877
8143
8144
8145
8146
8147
8148
8149
9885
1242
1243
1244
1245
1246
1247
1248
1249
1250
1251
1252
1253
1254
1255
1256
1257
1258
1259
1260
1261
1262
1263
1264
1265
1266
1267
1268
1269
1270
1271
1272
1273
1274
10508
10509
1277
10511
10512
10513
10514
10515
10516
1945
1946
1286
8929
1949
8931
8499
8933
8501
8502
8936
8937
8938
9010
9011
9012
9013
9014
9015
9163
9164
9018
9019
9167
9168
9169
9170
9171
6939
6940
6941
6942
6943
6944
4708
4709
1931
4711
4712
2025
2026
2027
2028
2029
2030
2031
2032
2033
2034
2035
2036
2037
2038
2039
9882
13339
13340
338
13342
13343
13344
13345
13346
13347
13348
13349
13350
13351
13352
13353
13354
13355
13356
13357
13358
13359
13360
13361
13362
6031
6032
709
710
711
712
713
714
715
716
717
718
719
720
721
722
723
724
725
726
727
728
729
730
731
732
733
734
5728
8485
10845
10846
8764
740
741
742
743
744
10853
10854
10855
1435
1436
1437
9671
7928
8778
1441
1442
7932
8782
8783
8784
8785
8786
8787
8788
8789
8790
8791
8792
8793
8794
8795
8796
3775
1732
4900
4901
4902
4903
4904
4905
4906
4907
4908
4909
4910
4911
4912
4913
4914
4915
4916
4917
2228
4919
2223
2224
2225
2233
2227
2228
2229
2230
2231
2232
4930
2234
2235
2236
2237
2238
2239
2240
2241
2242
2243
2244
2245
2246
2247
2248
2249
2250
2251
2252
2253
2254
2255
2256
2257
2258
2259
2260
2261
2262
2263
2264
10169
2266
681
682
683
684
3607
2272
2273
2274
2275
2276
2277
6305
3997
3998
3999
4000
7424
7425
7426
7427
2019
2020
2021
2022
2023
2024
3471
3472
3473
3474
3475
3476
3477
5794
3479
3480
3481
3482
3483
3484
3485
3486
4402
4403
4404
15061
15062
4407
4408
15065
15066
15067
15068
15069
4414
15071
15072
15073
15074
15075
15076
15077
15078
15079
15080
15081
15082
15083
15084
15085
15086
15087
15088
15089
15090
15091
15092
15093
15094
15095
15096
15097
15098
15099
15100
15101
15102
15103
15104
15105
15106
15107
15108
15109
15110
15111
15112
15113
15114
15115
15116
15117
15118
15119
15120
15121
15122
15123
15124
15125
15126
15127
15128
15129
15130
15131
15132
15133
15134
15135
15136
15137
15138
15139
15140
15141
15142
15143
15144
15145
15146
15147
7128
7129
15303
15304
15305
15306
15307
2782
2783
15310
15311
15312
15313
15314
2789
2790
15317
15318
15319
15320
15321
4181
4182
15324
15325
15326
6789
15328
15329
15330
15331
15332
15333
15334
15335
15336
15337
15338
15339
15340
15341
15342
15343
15344
15345
4205
4206
15348
9711
9712
9713
9714
9715
9716
4214
4215
4216
3173
9721
3175
3176
3177
3178
3179
4224
4225
4226
4227
4228
4229
3186
3187
3188
3189
3190
3191
3192
4237
2109
3195
3196
3197
3198
2114
2115
2116
2117
2118
150
151
2121
2122
154
10644
10645
157
158
159
160
161
162
163
164
165
10655
167
10657
10658
10659
10660
10661
10662
10663
10664
10665
10666
10667
10668
10669
10670
10671
183
184
10674
186
187
188
10678
190
191
192
10682
10683
195
196
197
198
199
200
201
202
203
204
205
206
207
208
209
210
211
212
213
214
215
216
217
218
219
220
221
222
223
224
225
226
227
228
229
230
231
232
233
234
235
236
237
238
239
240
241
242
12872
9809
9810
9811
12876
9813
9814
9815
9816
9817
9818
12883
9820
9821
10898
10899
10900
10901
10902
10903
10904
9829
9830
13972
12896
12897
12898
13976
13977
8997
13979
13980
13981
13982
13983
13984
13985
13986
13987
13988
13989
13990
13991
13992
13993
13994
13995
13996
13997
4607
4608
4609
4610
4611
4612
4613
4614
4615
4616
9543
4618
15081
15082
9547
9548
9549
9550
9551
9552
9553
9554
9555
9040
9041
9042
9043
9044
9045
9046
9047
9048
9049
9050
14899
14900
2593
10001
10002
10003
10004
10005
10006
10007
10008
10009
10010
10011
10012
10013
10014
10015
10016
10017
10018
10019
10020
10021
10022
10023
10024
10025
10026
10027
10028
10029
2936
2937
2938
10033
8761
9575
8763
2943
2944
2945
2946
2947
2948
2949
2950
2951
2952
2953
2862
2863
2615
3761
2617
2867
2868
2869
2870
2871
8785
8786
8787
8788
8789
8790
8791
8792
2880
8794
2633
8796
8797
8798
8799
8800
8801
2889
2890
2891
2892
2893
2894
2895
2896
2897
2898
2899
2900
2901
2902
2903
2904
2905
2906
2907
12776
12777
2910
2911
2912
2913
2914
2915
2001
1594
1103
2004
2005
2006
5743
15977
5745
15979
15980
5748
5749
1195
15984
5689
15986
15987
15988
15989
15990
12248
7490
12688
12251
12252
12253
12692
12693
14652
14653
14654
14655
14656
14657
14658
14659
14660
14661
14662
14663
14664
14665
14666
14667
14668
14669
14670
6456
6457
6458
6459
6460
6461
6462
6463
6464
6465
6466
6467
6468
6469
6470
6471
6472
6473
6474
6475
6476
6477
6478
6479
6480
6481
6482
6483
6484
6485
6486
6487
6488
6489
6490
6491
6492
5328
6494
6495
6496
7270
5333
7272
6500
7274
5337
6503
6504
6505
6506
6507
6508
6509
6510
1125
6512
6513
6514
6515
6516
6517
6518
6519
6520
6521
6522
6523
6524
6525
6526
6527
6528
6529
6530
6531
6532
3679
3680
3681
6536
6537
6538
6539
6540
6541
4798
4799
4800
4801
6546
6547
6548
6549
6550
4807
4808
4809
4810
4811
4812
4813
4814
4815
4816
4817
4818
4819
4820
4821
4822
4823
4824
4825
4826
4827
4828
4829
4830
4831
4832
4833
4834
4835
4836
4837
4838
4839
4840
4841
4842
4843
4844
4845
4846
4847
4848
4849
4850
4851
135
4853
4854
138
139
140
6602
6603
6604
7967
7968
7969
7970
7971
7972
7973
7974
7975
7976
10472
10473
1630
10475
7981
1633
1634
1635
1636
7986
7987
7988
7989
1641
7991
7992
7993
7994
7995
7996
7997
7998
7999
8000
8001
8002
8003
8004
8005
8006
8007
1838
1839
1840
8011
8012
8268
8269
1666
8271
8272
8273
1670
1671
1672
1673
1674
1854
1676
8026
2712
2713
2714
11846
11847
11848
11849
11850
11851
11852
11853
11854
11855
11856
2726
4798
4799
2729
2730
2731
2732
1909
1910
2735
2736
2737
2738
2739
2740
2741
13539
13540
8596
13542
8598
13544
13545
13546
13547
13548
13549
13550
13551
13552
13553
13554
13555
13556
13557
13558
13559
13560
13561
13562
13563
13564
13565
13566
13567
13568
13569
13570
13571
13572
13573
13574
13575
13576
13577
13578
13579
13580
13581
13582
13583
13584
13585
13586
13587
13588
13589
13590
13591
13592
11441
11442
11443
6817
6818
13598
11447
11448
11449
2647
11451
2649
13669
10056
10057
5317
5318
5319
7636
7637
10063
10064
10065
7641
7642
7643
7644
7645
7646
7647
7648
7649
7650
7651
7652
7653
7654
7655
7656
7657
7658
7659
7660
7661
7662
7663
7664
7665
7666
7667
7668
7669
7670
7671
7672
7673
7674
7675
7676
7677
7678
7679
7680
7681
7682
7683
7513
7514
7515
7516
7517
7518
7519
7520
7521
7522
7523
7524
7525
7526
7527
7528
7529
7530
7531
7532
7533
7534
7535
7536
7537
7538
7539
7540
7541
7542
7543
7544
7545
7546
7547
7548
7549
7550
7551
7552
7553
7554
7555
7556
7557
7558
7559
7560
7561
7562
7563
7564
7565
7566
7567
7568
7569
7570
6806
1973
6808
6809
6810
6811
6812
6813
6814
1981
6816
6817
6818
144
145
146
147
148
149
150
151
152
153
154
155
156
157
158
159
160
161
162
163
164
165
166
167
168
169
170
171
172
6848
6849
175
176
177
178
921
922
923
924
925
11156
927
928
929
11160
189
7630
191
192
193
194
195
196
197
198
199
200
201
202
203
204
205
206
207
208
209
210
211
212
9125
9126
9127
9128
9129
9130
9131
3142
3143
3144
3145
3146
3147
3148
3149
3150
11201
12643
12644
12645
12646
12647
12648
12649
2327
2328
12652
12653
12654
12655
12656
12657
12658
12659
12660
12661
11363
11364
11365
11366
11367
11368
11369
11370
11371
11230
11231
11232
11233
11234
11235
11236
6316
10262
10789
10790
10265
10792
10267
10268
10269
10270
10271
10272
10273
10274
10275
10276
10277
10278
10279
11398
11399
11400
11401
10810
3308
3309
3310
3311
10815
10816
10817
10818
10819
14418
14419
14420
14421
14422
14423
14424
14425
14426
14427
14428
14429
14430
14431
14432
13940
14434
14435
14436
14437
14438
14439
14440
14441
14442
14443
14444
14445
14446
14447
14448
15246
15247
14451
15249
15250
15251
5731
14456
14457
14458
14459
15257
16147
16148
16149
16150
16151
16152
16153
16154
9367
9368
11674
4681
4682
4683
4684
11679
4686
4687
4688
14480
14481
14482
5149
5150
14485
14486
11481
11482
11483
11484
11485
11486
11487
11488
11489
4705
4706
4707
9397
9398
4710
4711
4712
4713
4714
4715
4716
4717
4718
4719
4720
4721
4722
4723
4724
4725
4726
4727
4728
4729
4730
4731
4732
4733
4734
4735
4736
4737
4738
4739
4740
4741
4742
4743
4744
4745
4746
4747
4748
4749
4750
1862
1863
1864
1865
1866
1867
1868
1869
1870
1871
1872
1873
1874
1875
1876
1877
1878
1879
1880
1881
1882
1883
1884
1885
1886
1887
1888
1889
1890
1891
1892
1893
1894
1895
1896
1897
1898
1899
1900
1901
1902
1903
1904
7425
7426
7427
7428
7429
7430
7431
7432
7433
7434
7435
7436
7437
7438
7439
1920
1921
1922
1923
1924
1925
1926
1927
1928
1929
1930
1931
1932
1933
1934
15249
15250
15251
15252
1939
1940
1941
15256
15257
1944
1945
1946
1947
1948
7089
15264
6757
4718
4719
4720
4721
4722
4723
4724
4725
4726
4727
4728
4729
4730
13175
5571
4733
4734
4735
4736
4737
4738
4739
4740
4741
4742
8558
8559
5584
5585
5586
5587
5588
4750
4751
4752
4753
8569
8570
11860
11861
11862
11863
11864
11865
1357
1358
1359
1360
1361
1362
1363
1364
9178
14102
14103
14104
14105
14106
14107
14108
14109
1374
15860
15861
7946
7947
7948
7949
7950
7951
7952
7953
7954
7955
7956
7957
7958
7959
7960
1392
7962
14130
14131
14132
14133
14134
13895
15978
40
13898
13899
4877
4878
4879
4880
4881
4882
4883
14952
14953
14954
14955
14956
14957
14958
14959
14960
14961
14962
5136
14964
5138
5139
14967
4245
4246
4247
10496
4573
4574
4575
4576
4577
4254
4255
4256
4581
4582
4583
4584
4585
4586
4587
14889
2852
2853
2854
2855
2856
2857
10857
2859
2860
10860
2862
2863
2864
2865
2866
10866
5874
5875
10869
2871
5878
5879
5880
5881
5882
5883
5884
5885
5886
5887
4619
4620
4621
4622
4623
4624
4625
4626
4627
4628
4629
4630
4631
4632
4633
4634
4635
4636
4637
4638
4639
4640
4641
4642
4643
4644
4645
4646
4647
4648
4649
4650
4651
4652
4653
4654
4655
4656
4657
4658
4659
4660
4661
4662
4663
4664
4665
4666
4667
4668
4669
4670
4671
4672
4673
4674
4675
13494
4677
13496
13497
4680
4681
4682
4683
4684
4685
4686
4687
4688
4689
4690
4691
4692
4693
4694
4695
4696
4697
4698
4699
13956
13957
13958
13959
13960
13961
13962
13963
13964
13965
13966
13967
13968
13969
13970
13971
13972
13973
6415
6416
6417
6418
8870
8871
8872
8873
8874
8875
9329
9330
9331
8879
8880
8881
8882
8883
8884
8885
8886
11963
11964
9342
9343
9344
9345
9346
9347
9348
9349
9350
9351
9352
9353
9354
9355
9356
9357
9358
9359
9360
9361
9362
9363
9364
9365
9366
9367
9368
9369
9370
9371
9372
9373
9374
9375
10333
10334
10335
10336
10337
10338
10339
10340
10341
10342
10343
10344
10345
9389
10347
9391
10349
10350
10351
10352
9396
9397
9398
9399
9400
9401
9402
9403
9404
9405
9406
9407
9408
9409
9410
9411
9412
9413
9414
9415
9416
2747
2748
2749
2750
2751
2752
2753
2754
2755
2756
9427
9428
9429
10387
14783
14784
2763
2764
2765
2766
2767
9438
9439
2770
2771
9442
9443
9444
9445
9446
9447
9448
9449
9450
1266
1267
1268
1269
1270
1271
1272
1273
1274
1275
1276
1277
1278
1279
1280
1281
1282
1283
1284
1285
1286
1287
1288
1289
1290
1291
1292
1293
1294
1295
1296
1297
1298
1299
1300
1301
1302
1303
1304
1305
1306
1307
1308
1309
1310
1311
1312
1313
1314
1315
1316
1317
1318
1319
1320
1321
1322
1323
1324
1325
1326
1327
1328
1329
1330
1331
1332
1333
1334
1335
1336
1337
1338
1339
1340
563
564
565
7799
7800
568
569
570
571
572
573
7807
7808
7809
7810
7811
7812
580
581
582
583
584
585
586
587
588
7822
590
7824
7825
593
594
595
596
4389
4390
4391
600
14992
14993
11481
11482
11483
11484
11485
11486
5121
5122
5123
5124
5125
5126
9834
4160
4161
11496
4163
4164
4165
4166
4167
4168
4169
4170
4171
4172
4173
4174
4175
4176
4177
4178
4179
4180
4181
4182
4183
14415
14416
14417
14418
14419
14420
14421
14422
14423
14424
14425
14426
15403
15404
15405
15406
15407
15408
4202
4203
4204
4205
4206
4207
4208
4209
4210
4211
4212
4213
4214
4215
4216
4217
4218
4219
4220
10661
4222
4223
15313
4225
4226
4227
4228
4229
4230
4231
4232
4233
4234
4235
4236
4237
15327
4239
4240
4241
4242
4243
4244
4245
4246
4247
4248
4249
4250
4251
4252
4253
4254
4255
4256
4257
4258
4259
4260
4261
4262
4263
4264
4265
4266
8668
4268
4269
4270
4271
4272
4273
3888
4275
4276
4277
4278
4279
4280
4281
4282
14328
4284
4285
4286
14332
14333
14334
4290
1839
10635
4293
4294
14340
4296
4297
3912
3913
3914
3915
3916
10646
10647
10648
3920
10650
3922
3923
3924
3925
3926
3927
3928
3929
3930
3931
4055
3933
3934
3935
3936
16123
3938
3939
3940
3941
3942
3943
16130
16131
3946
3947
3948
3949
3950
3951
3952
3953
3954
3955
3956
3957
1616
1617
1618
1619
1620
1621
1270
1271
14397
1
2
3
4
14402
14403
14404
14405
4950
4951
4952
4953
14198
4955
4956
4957
4958
4959
4960
4961
4962
4963
4964
4965
4966
4967
4968
14213
13281
10257
10258
10259
10260
10261
10262
10263
10264
13290
13291
10267
10268
10269
10270
10271
10272
3343
3344
3345
3346
3347
3348
3349
3350
3351
3352
3353
3354
3355
3356
3357
3358
3359
3360
3361
3362
3363
3364
3365
3366
3367
3368
3369
3370
3371
3372
3373
3374
3375
3376
3377
3378
3379
14268
3381
3382
14271
3384
3385
3386
5576
3388
3389
3390
3391
3392
3393
11673
11674
11675
11676
11677
11678
2901
2902
5046
5047
11683
5049
5595
11686
11687
11688
11689
11690
11691
11692
11693
2615
4140
4141
14674
14675
14676
14677
14678
11158
11971
11160
11161
5316
5317
5318
2630
5320
5321
5322
5323
2149
2636
2637
2638
2639
2640
2641
2642
2643
2644
2645
2646
2647
2648
2649
2650
2651
2652
2653
2654
2655
2656
2657
2959
2659
2660
2661
2963
2663
2664
2665
2666
2667
2668
2970
2971
2972
15690
15691
15692
2976
2977
15695
4271
15697
2981
15699
15700
4276
4277
2251
2252
4771
4772
4282
3178
4775
4776
4777
4778
4779
4780
4781
4782
4783
4784
4785
4786
4787
4788
4789
4790
4791
2274
2275
2276
2277
2278
11385
11386
11387
11388
11389
11390
11391
11392
11393
11458
11459
11460
11461
4810
11463
11464
11465
11402
11467
11468
11469
13445
11471
11472
11473
11474
11475
13451
11477
2308
11415
11416
3084
14704
14705
14706
1680
1681
1682
1683
1684
1685
1686
1687
1688
1689
1690
1691
1692
1693
1694
1695
1696
1697
1698
1699
1700
1701
4855
4856
4857
1705
4859
4860
4861
13489
13490
4864
4865
4866
4867
4868
4869
4870
7332
7333
7334
7335
7336
15978
15979
15980
15981
15982
15983
801
802
803
7096
7097
7098
7349
2907
2908
7352
2625
10930
10931
10932
10933
10934
10935
10936
10937
9801
9802
16005
10054
10055
10056
10944
10945
10059
10060
11043
11044
11045
11046
11047
11048
11049
11050
11051
11052
11053
10148
10149
10074
4546
4547
10077
10078
10079
4551
4552
10360
3861
10084
3645
9908
9909
10942
10943
4561
4562
10946
10947
4565
4566
6098
4146
6100
10422
6102
6103
6104
10957
10958
1558
1559
1560
1561
1562
1563
1564
10435
10436
10437
10438
10439
1570
1571
1572
6122
6123
1575
1576
1577
1578
6128
6129
10451
10452
10453
10454
10455
10456
10457
9957
9958
9959
9960
9961
9962
9963
9964
9965
9966
9967
9968
10470
9970
10472
10473
10474
10475
10476
9976
10478
10479
10480
10481
10482
10483
10484
10485
10486
10487
10488
10489
10490
10491
10492
10493
10494
10495
10496
10497
10498
10499
9999
10000
10001
10002
10003
14763
14764
14765
14766
2000
2001
2002
2003
2004
14772
14773
14774
2008
2009
14777
14778
14779
14780
14781
14782
14783
14784
14785
14786
1486
1487
14789
1489
1490
1491
10789
10790
10791
7144
10793
10794
10795
6065
6066
10798
12585
12586
12587
12588
6072
10804
10805
10806
10807
10808
10809
10810
10811
8485
8486
10814
10815
10816
10817
10818
10819
10820
12607
12608
12609
12610
12611
12612
12613
12614
12615
12616
12617
12618
12619
12620
12621
12622
12623
12624
12625
12626
12627
12628
12629
12630
12631
12632
5836
5837
5838
5839
5840
5841
5842
5843
5844
5845
5846
5847
5848
5849
5850
5851
5852
5853
13894
13895
3277
3278
3279
3280
3281
3282
3283
3284
3285
3286
3287
3288
3289
3290
3291
3292
3293
13913
13914
3296
3297
3298
3299
3300
3301
3302
3303
13923
13924
13925
13926
13927
13928
13929
13930
13931
13932
3314
3315
3316
3317
3318
13938
13939
13940
13941
13942
13943
10187
10188
13946
13947
13948
13949
13950
13951
10195
10196
10197
10198
10199
10200
13170
10202
13172
13173
13174
13175
10207
10208
10209
10210
10211
10212
10213
10214
10215
10216
10217
10218
10219
10220
10221
10222
10223
10224
10225
10226
10227
10228
10229
10230
10231
10232
1160
10234
10235
10236
10237
10238
10239
10240
1168
10242
10243
10244
10245
10246
10247
10248
10249
10250
10251
10252
10253
10254
10255
10256
10257
10258
10259
10260
10261
10262
10263
10264
10265
10266
10267
10268
10269
10270
10271
10272
10273
10274
10275
10276
10277
10278
10279
10280
10281
10282
10283
10284
10285
10286
10287
10288
10289
1217
1218
1219
15970
15971
15972
15973
15974
3436
8405
8406
8407
12997
12998
12999
2064
2065
13031
13032
13033
13034
13035
7441
2097
2098
14041
14042
14043
14044
14045
14046
14047
14048
14049
14050
14051
14052
14053
14054
14055
14056
14057
13602
13603
434
435
436
9309
9310
439
440
441
442
9315
9316
9317
9318
9319
4245
4246
4247
4248
4249
4250
4251
455
456
457
458
459
460
461
7472
463
464
442
443
444
445
4056
447
448
449
4060
4061
13595
13596
13597
9008
9009
9010
9011
9012
10842
9014
9015
9016
13607
9018
4845
4846
9021
4848
4849
4850
4851
4852
4853
4854
4855
4856
4857
4858
14533
14534
9035
9036
10131
10132
10133
10134
10135
10136
4869
14544
14545
14546
14547
14548
14549
14550
14551
14552
14553
14554
8613
10150
14557
8616
8617
8618
8619
8620
8621
8622
8623
8624
8625
8626
8627
8628
8629
8630
8631
8632
8633
8634
8635
8636
8637
8638
8639
8640
8335
13236
15927
13238
13239
2567
2568
2569
2570
2571
2572
2573
2574
2575
2576
2577
2578
2579
2580
2581
2582
2583
2584
2585
2586
2587
9644
2589
2590
2591
2592
13266
13267
13268
13269
13270
13271
13272
13273
13274
13275
13276
13277
13278
12119
12120
12121
11635
12123
12124
11638
7868
7869
12128
15149
15150
15151
15152
15153
15154
15155
15156
15157
15158
15159
15160
15161
15162
15163
15164
14825
14826
14827
15168
2577
7892
7893
7894
9696
9697
9698
2584
2585
7900
7901
7902
2589
5963
7905
5965
1820
5967
1822
1823
1824
1825
1826
1827
1828
1829
1830
1831
1832
1833
1834
1835
7923
1837
1838
1839
1840
1841
1842
1843
1844
1845
1846
1847
1848
1849
1850
1851
1852
1853
1854
1855
1856
1857
1858
1859
1860
1861
1862
1863
1864
1865
12091
12092
12093
12094
12095
16130
1872
1873
16133
16134
16135
8508
16137
16138
16139
11410
11411
11412
11413
11414
11415
11416
11417
11418
11419
2734
11421
11422
11423
11424
2739
13090
13091
13092
2743
2744
2745
2746
2747
2748
2749
2750
2751
2752
2753
2754
11441
11442
11443
11444
11445
11446
11447
11448
14455
14456
14457
14458
14459
14460
14461
14462
14463
13122
13123
14466
14467
14468
5302
5303
5304
5305
5306
5307
5308
5309
5310
5311
5312
5313
5314
5315
5316
5317
5318
5319
13588
110
111
112
113
114
115
14210
14211
14212
14213
14214
14215
14216
123
14218
125
14220
14221
14222
14223
14224
14225
14226
14227
14228
14229
4205
4206
14232
14233
14234
14235
14236
14237
14238
14239
14240
14241
14242
14243
14244
14245
14246
14247
14248
14249
14250
14251
14252
4228
4229
4230
4231
4232
4233
4234
4235
4236
4237
4238
4239
4240
4241
4242
4243
4244
4245
4246
4247
4657
4249
12261
12262
1825
4253
4254
4255
4256
4257
4258
4259
4260
4261
4262
4263
4264
4265
4266
8532
4268
4269
4270
4271
4272
4273
4274
4275
4276
4277
5714
5715
5716
5717
5718
5719
5720
5721
5722
5723
5724
5725
5726
6797
5728
5729
5730
5731
5732
13039
5734
14474
14475
14476
16083
16084
16085
16086
16087
16088
16089
16090
16091
16092
16093
16094
16095
16096
16097
16098
16099
16100
16101
16102
16103
16104
16105
16106
16107
16108
16109
16110
16111
16112
4332
4333
4334
4335
4336
16118
16119
16120
16121
16122
4342
13085
13086
16126
16127
13089
13090
13091
13092
9799
9800
9801
13096
13097
13098
13099
13100
13101
13102
13103
13104
13105
13106
13107
13108
13109
13110
13111
13112
13113
13114
13115
13116
13117
13118
13119
13120
13121
13122
13123
13124
13125
13126
13127
13128
13129
5250
5251
5252
5253
5254
5255
5256
5257
5258
5259
5260
5261
13142
13143
11778
14008
14009
14010
14011
14012
14013
215
1547
3362
218
3364
1551
1552
1553
1554
1555
1556
1557
1558
1559
1560
1561
231
1563
1564
1565
1566
1567
1568
1569
1570
1571
5141
5142
5143
5144
5145
5146
14046
5148
5149
5150
5151
5152
14052
14053
5155
5156
5157
5158
5159
5160
5161
5162
5163
1719
1720
1721
7373
7374
7375
7376
7377
7378
7379
7380
7381
7382
7383
7384
7385
7386
7387
9786
7389
11546
11547
11548
11549
11550
11551
11552
11553
1352
1353
1354
1355
1356
1357
1358
1359
1360
1361
1362
1363
1364
1365
1366
1367
1368
1369
1370
1371
1372
1373
1374
1375
1376
1377
1378
638
639
640
641
642
643
644
645
218
2080
648
649
650
651
652
653
654
11156
11157
657
658
11160
660
661
15833
2081
15835
15836
15837
11610
11611
669
2088
11614
11615
11616
11617
2093
2094
2095
2096
2097
2098
681
2100
10156
2102
2103
2104
2105
2106
2107
2108
12120
12121
12122
12123
12124
9762
12126
9764
9765
9766
9767
9768
9769
9770
9771
9772
9773
9774
9775
9776
10896
10897
12142
12143
2133
2134
2135
2136
2137
2138
2139
2140
2141
2142
2143
2144
2145
2146
2147
2148
2149
2150
2151
2152
2153
2154
2155
2156
2157
2158
2159
3778
2161
2162
2163
8130
2165
2166
2167
2168
2169
2170
2171
2172
2173
2174
2175
2176
2177
2178
2179
3798
3799
3800
2084
2085
2086
2087
2088
9832
9833
9834
2092
9836
11482
11483
2096
9840
11486
11487
11488
11489
11490
11491
11492
11493
11494
9850
13520
3826
3827
11921
11922
11923
11423
11424
11425
11426
11427
3836
3837
3838
3839
3840
3841
3842
3843
3844
3845
3846
4419
14176
14177
4433
4469
4424
8201
14813
14814
4474
13795
13796
14818
13798
13799
14821
14822
14823
14824
14825
14826
14827
14828
14829
14830
14831
14832
14833
14834
14835
14836
14837
14838
14839
14840
14841
14842
14843
14844
14845
14846
14847
14848
7512
14850
7514
7515
7516
7517
7518
4308
4309
4310
4311
4312
4313
4314
4315
4316
4317
4318
7891
7892
7893
7894
7895
7896
7897
7898
7899
7900
7738
7739
7400
7741
7402
7403
7404
7405
7406
3236
3237
3238
3239
7411
7412
3242
3243
3244
3245
3246
3247
3248
3249
3250
3251
3252
3253
3254
3255
3256
3257
3258
3259
3260
3261
3262
3263
3264
3265
3266
3267
3268
3269
3270
3271
3272
3273
3274
3275
3276
3277
3278
3279
3280
3281
3282
3283
3284
3285
3286
3287
3288
3289
3290
3291
3292
3293
3294
3295
3296
3297
3298
3299
3300
3301
3302
17
18
19
20
21
22
23
24
25
26
27
28
29
30
31
32
33
34
35
36
37
38
39
40
41
42
43
44
45
46
47
48
49
50
51
52
53
54
55
56
57
58
59
60
61
62
63
64
65
66
67
68
69
70
71
72
73
74
75
76
77
78
79
80
81
82
83
84
85
86
87
88
89
90
91
92
93
94
95
96
97
98
99
100
101
102
103
104
105
106
107
108
109
110
111
112
113
114
115
116
117
118
119
120
121
122
123
124
125
126
127
128
129
130
131
132
133
134
135
136
137
16149
139
12995
12996
12997
12998
144
145
146
147
13003
149
150
151
152
153
154
155
156
157
158
159
160
161
12302
12303
13823
13824
12202
12203
12204
12205
138
139
140
141
142
143
16066
16067
146
16069
148
149
150
1066
1067
1068
7686
7687
7688
7689
7690
7691
7692
7693
7694
7695
7696
7697
7698
653
654
2660
2661
2662
2663
2664
2665
2666
662
11403
16110
11405
4782
15808
15809
6488
6489
6490
7516
14322
7518
7519
7520
10995
4723
7523
7524
14330
14331
14332
14333
14334
14335
14336
14337
14338
14339
14340
14341
14342
14343
14344
11436
11437
11438
11439
11440
7747
7748
11443
11444
13545
2234
7753
7552
7553
2238
2239
2240
2241
2242
2243
2244
2245
7562
13559
7766
7767
7768
7769
7770
7771
7772
7773
7774
7775
7776
7777
1248
1249
1250
1251
1252
7581
7582
7583
7584
7585
7586
7587
7588
7589
2855
2856
2857
2858
2859
2860
2861
3520
13594
13595
13596
13597
13598
7603
3659
13601
3661
3662
13604
13605
3665
3666
3667
3668
3669
3670
3671
3672
3673
3674
3675
12745
12746
3678
12748
12749
12750
12751
12752
12753
12754
12755
3687
12757
3689
12759
12760
7906
3693
3694
3695
10113
10114
10115
10116
10117
16125
10119
10120
10121
10122
10123
10124
10125
10126
10127
10128
10129
10130
10131
10132
10133
10134
10135
10136
10137
10138
10139
10140
10141
10142
10143
10144
10145
10146
10147
10148
10149
10150
10151
10152
10153
10154
10155
10156
10157
10158
10159
10160
10161
10162
10163
10164
10165
10166
10167
10168
10169
10170
10171
10172
10173
10174
10175
10176
10177
10178
10179
7989
10181
13957
13958
13959
13960
13961
13962
13321
13322
13323
13324
13325
13326
9988
6540
6541
9991
9992
9993
9994
9995
6547
6548
6549
6550
6551
6552
6553
6554
6555
6556
6557
6558
6559
6560
6561
6562
6563
6564
6565
6566
6567
6568
6569
11853
11854
9574
11856
14004
11858
14006
14007
14008
14009
14010
10030
10031
10032
13685
13437
13438
13439
10037
11872
13442
5755
5756
8967
7500
8969
8970
8971
2556
15124
10435
2559
2560
2561
10439
10440
10441
15132
269
270
271
272
273
274
275
276
13158
278
6802
13161
6804
13163
13164
284
285
10158
287
288
289
290
291
292
293
8246
8247
296
297
298
15163
300
301
302
303
304
305
306
307
308
309
310
311
13193
13194
13195
13196
13197
13198
318
15183
15184
15185
15186
15187
15188
15189
15190
15191
15192
15193
15194
15195
15196
15197
15198
15199
15200
15201
15202
15203
15204
15205
15206
15207
15208
15209
15210
15211
15212
15213
15214
15215
15216
15217
15218
15219
15220
15221
8612
8613
8614
8615
8616
8617
8618
8619
8620
13235
14197
13810
2815
14200
15421
2818
2819
2820
2821
2822
14207
14208
14209
14210
2827
2828
14213
14214
14215
14216
14217
14218
14219
14220
14221
14222
14223
14224
14225
14226
14227
14228
14229
14230
14231
14232
14233
14234
14235
14236
14237
14238
2832
2833
2834
2835
2836
2837
8280
8281
10975
10976
10977
10978
5241
5242
5243
5244
5245
5246
5247
5248
8190
8191
8192
8193
8194
8195
8196
8691
8692
8693
8694
8695
8202
8203
8204
8205
8700
8701
8702
8703
8704
8705
8706
8707
8708
8709
8710
8711
8712
8713
8714
8715
8716
8717
8718
13012
8720
8721
8722
8723
8724
8725
8726
8727
8728
8729
8730
8731
8732
8733
8734
13028
13029
13030
13031
13032
13033
13034
13035
13036
13037
8511
8512
14616
8514
14618
9009
9010
14621
14622
14623
5751
5752
5753
5754
5755
5756
14630
14631
11732
11733
11734
11735
11736
11737
11738
11739
11740
11741
11742
11743
11744
11745
11746
11747
11748
11749
11750
11751
9817
6402
11754
11755
11756
11757
8573
8574
8575
8576
8577
8578
8579
8580
8581
8582
8583
8584
8585
3285
3286
3287
3288
3289
3290
3291
3292
3293
3294
11781
3296
11783
11784
14408
14409
14410
14411
14412
14413
14414
14415
14416
14417
14418
14419
14420
14421
14422
14423
14424
14425
1852
1853
14428
14429
1806
1807
8624
8625
1860
1861
1862
8629
8630
8631
8632
14667
14668
14669
14670
14671
14672
14673
14674
14675
14676
14677
14678
14679
14680
14681
14682
14683
14684
14685
14686
14687
14688
14689
1840
1841
1842
1843
1844
1845
1846
1847
9556
1849
1850
1851
1852
947
948
949
950
951
952
953
954
955
956
957
958
959
960
961
962
963
964
965
966
967
968
969
970
6139
6140
6141
6142
975
6144
6145
6146
6147
6148
6149
6150
6151
6152
6153
6154
6155
13145
10941
10942
10943
992
993
6433
7649
7650
997
7652
6438
6439
6440
8610
3979
6443
3981
3982
3983
3984
3985
3986
3987
3988
3989
3990
3991
3992
3993
3994
3995
3996
3997
3998
3999
4000
4001
4002
4003
4004
4005
4006
4007
4008
4009
4010
4011
4012
4013
4014
4015
4016
6568
6569
4019
6571
6572
6573
6574
6575
6576
6577
6578
6579
6580
6581
6582
6583
6584
6585
6586
6587
6588
6589
912
2349
2350
2351
2352
2353
2354
2355
2356
6947
6948
6949
4713
5669
5670
5671
5672
7782
3215
7784
13633
3218
3219
13636
13637
3222
10808
3586
3587
3588
3589
3590
3591
3592
3593
3594
3595
3596
3597
3598
3599
3600
3601
3602
3603
3604
3605
3606
3607
3608
3609
3610
3611
3612
3613
3614
3615
3616
3617
3618
3619
3620
3621
3622
3623
3624
3625
3626
3627
3628
3629
3630
3631
3632
3633
3634
3635
3636
3637
3638
3639
3640
3641
3642
3643
3644
3645
3646
3647
3648
3649
3650
3651
3652
3653
3654
3655
3656
3657
3658
3659
3660
3661
3662
3663
3664
8880
12537
12538
8883
8884
3670
8886
8887
8888
8889
6777
6778
6779
6780
6781
8895
8896
8897
8898
8899
8900
8901
8902
8903
8904
8905
8906
8907
8908
8909
6797
12879
6799
6800
12882
12883
12884
12885
12886
12887
12888
12889
12890
269
270
271
272
273
274
275
276
277
278
279
280
281
282
283
284
3724
286
287
288
289
290
291
292
8632
8633
8634
8635
3565
3566
3567
3568
3569
3570
3571
3572
3573
3574
3575
3576
3577
3578
3579
3580
3581
3582
3583
3584
3585
3586
3587
3588
3589
3590
3591
3592
3593
3594
3595
3596
3597
3598
3599
3600
3601
3602
3603
3604
3605
3606
3607
3608
3609
6681
3611
6683
6684
6685
6686
6687
6688
6689
6690
6691
6692
12815
12816
12817
12818
12819
6698
16074
16075
16076
5408
16078
5410
6705
6706
13208
14721
14722
6710
6711
6712
6713
6714
6715
14729
16092
14731
14732
14733
15310
15311
6723
14737
14738
14739
14740
14741
14742
6730
6731
6732
6733
6734
6735
7015
6737
6738
6739
6740
6741
6742
6743
6744
6745
6746
6747
6748
6749
6750
6751
6752
6753
6754
6755
6756
6757
6758
6759
6760
6761
6762
6763
6764
6765
6766
6767
6768
6769
6770
6771
6772
6773
6774
4501
4502
6777
7484
6779
823
824
7061
826
827
828
829
830
4514
4515
833
7070
4518
4519
4520
4521
4522
4523
4524
4525
4526
4527
4528
4529
4530
4531
4532
4533
4534
4535
4536
4537
4538
4539
4540
4541
4542
4543
4544
4545
4546
6534
6535
6536
867
6538
6539
6540
6541
6542
6543
6544
6545
6546
6547
6548
6549
6550
6551
6552
6553
6554
6555
6556
887
888
889
890
891
9458
6601
894
5278
9462
9463
9464
9465
9466
9467
9468
9469
9470
9471
9472
907
9474
9475
9476
9477
9478
9479
9480
9481
9482
9483
9484
9485
9486
9487
9488
9489
12682
9491
5706
9493
5708
5709
5710
9497
9498
9499
9500
5715
5716
5717
5718
5719
6830
6831
6832
6833
12702
3406
3407
5727
5728
5729
5730
5731
5732
5733
5734
5735
5736
7559
5738
5739
5740
6851
5742
5743
12474
2614
5746
5747
5748
2618
2619
2620
2621
2622
2623
2624
15700
2626
15702
15703
15704
2630
15706
15216
4111
4112
264
265
4115
1648
1649
4118
11167
4120
14491
2644
15720
15773
15722
15723
15724
15777
15778
15779
15780
15781
3399
3400
3401
3402
3403
3404
3405
3406
3407
3408
3409
3410
3411
3412
3413
3414
3415
3416
3417
3418
3419
3420
3421
3422
3423
3424
3425
3426
3427
3428
3429
3430
3431
3432
3433
3434
9990
9991
9992
9993
9994
9995
9996
9997
9998
9999
10000
15286
15250
15251
15252
15253
15254
15255
15256
15257
15258
15259
15260
15261
15262
15263
15264
15265
15266
755
15268
15269
15270
15271
15272
15273
15274
15275
15276
15277
15278
15279
15280
10704
10705
10706
10707
15285
10709
10710
10711
10712
10713
10714
10715
10716
10717
10718
10719
10720
10721
10722
10723
10724
10725
3500
3501
3502
3503
2371
2372
2373
2374
15157
15158
2377
2378
2379
15162
15163
3515
10742
3517
3518
3519
623
624
10748
10749
10750
10751
10752
10753
10754
10755
10756
10757
10758
10759
10760
10761
639
640
641
10765
10766
10767
10768
10769
10770
10771
10772
10773
10774
10775
10776
10777
10778
10779
10780
10781
1214
10783
10784
1217
10786
8715
8716
8717
8718
8719
8720
8721
8722
8723
2437
10797
13113
13114
13115
13116
13117
13118
13119
13120
13121
13122
13123
13124
13125
13126
13127
13128
13129
13130
13131
13132
13133
13134
13135
13136
13137
13138
13139
13140
13141
13142
13143
13144
13145
13146
13147
13148
13149
13150
13151
13152
13153
13154
13155
7143
7144
7145
7146
7147
7148
7149
7150
7151
7152
7153
7154
7155
7156
7157
7158
7159
7160
7161
7162
7163
7164
7165
7166
7167
7168
7169
7170
7171
6179
14397
6181
6182
15650
6184
15137
6186
13193
14405
14406
15142
15143
14409
14410
14411
14412
14413
14414
21
15666
3280
3281
14419
3283
14421
14422
14423
14424
14425
14426
9157
7012
7013
9160
9161
7016
9163
9164
9165
109
110
111
112
9170
114
115
116
117
3438
3439
3440
3441
3442
3443
3444
3445
3446
3447
3448
3449
3450
3451
3452
7236
7237
7238
7239
7240
5727
5728
5729
5730
5731
5732
5733
5734
5735
5736
5737
7252
2073
2074
2075
2076
2077
2078
2079
2080
2081
2082
2083
2084
2085
2086
2087
2088
2089
2090
2091
2092
2093
2094
2095
2096
2097
2098
2099
2100
2101
2102
10540
10541
117
10543
10544
6324
6325
10547
10548
10549
10550
8571
8572
5637
14848
8575
10547
6336
6337
6338
9257
15852
15853
15854
4056
15856
15857
8587
8588
8589
8590
8591
8592
8593
8594
8595
8596
8597
8598
8599
8600
8601
8602
8603
8604
8605
12557
3175
3176
5673
3178
3179
9730
13757
13758
5571
5572
9735
5574
5575
5576
9739
9740
9741
9742
9743
9084
5583
4675
4676
4677
4678
5588
5589
5590
4682
13780
13781
7161
7162
13784
5481
13786
13787
13788
13789
9983
7170
12231
12232
7306
14647
7308
7309
7310
7311
7312
7313
7314
7315
7316
7317
7318
7319
7320
7321
7322
7323
7324
7325
10658
10659
10660
10661
10662
10663
10664
10665
10666
10667
10668
10669
10670
10671
10672
10673
10674
10675
10025
10026
10027
10679
10680
10681
10682
10683
10684
10685
10686
10687
10688
10689
10690
10691
10692
10693
10694
10695
10696
10697
10698
2863
2864
9864
9865
9866
9867
9868
9869
5264
5265
5266
5267
5268
5269
15706
5271
2170
5273
5767
4458
2493
9506
2495
2496
2497
2498
2499
15719
15720
15721
15722
5780
5781
5782
5783
5784
5785
1726
7212
7213
7214
11940
11941
12385
12386
12387
12388
12389
11947
11948
11949
11950
11951
11952
11953
11954
5945
15891
15892
11958
11959
11960
11961
11962
11963
11964
11965
12209
12210
12211
12212
12213
12214
12215
12216
12217
12218
12219
12220
12221
12222
12223
12224
12225
12226
12227
12228
12229
12230
12231
12232
12233
12234
12235
12236
7251
7252
7253
7254
7255
7256
7257
7258
7259
7260
7261
7262
7263
7264
7265
7266
7267
7268
7269
8355
8356
3485
3486
3487
3488
3489
3490
3491
3492
13876
13877
10757
13879
13880
13881
13882
13883
13884
13885
13886
13887
676
5606
9968
13891
9970
9971
13894
13895
13896
5614
5615
5616
5617
5618
5619
5620
5621
5622
7310
7311
7312
7639
7640
7641
7642
7643
7644
7645
7646
7647
9996
9997
9998
9999
10000
10001
10002
10003
5745
10005
13928
5748
7118
7119
7120
7121
7122
7123
7124
5756
7126
4671
4672
4673
4674
4675
4676
4677
4678
13947
9927
9928
9929
12729
12730
12731
11181
7143
7144
855
7146
12737
11187
11188
9941
9942
9943
9944
9945
7155
7156
7157
7158
7159
7160
5160
9953
9954
9955
9956
7166
7167
7168
7169
7170
7171
7172
7173
7174
7175
7176
7177
7178
7179
7180
7181
8134
8135
8136
8137
8138
8139
7188
7189
7190
7191
7192
7193
7194
7195
2126
8149
2128
2129
2130
2131
2132
2133
2134
2135
2136
2137
2138
2139
2140
2141
13946
13947
2144
13464
13465
2147
2148
13953
2150
2151
2595
8175
2597
5324
9205
9206
14554
14555
14659
14557
14558
2163
2164
2165
2166
2167
2168
2169
2170
2171
2172
2173
2174
2618
2619
2620
2621
2622
2623
2624
2625
2626
2627
2628
2629
2630
2631
2632
2633
3168
3169
3170
3171
3172
3173
3174
2198
3176
6171
12489
12490
12491
12492
2205
2206
2207
2208
2209
2210
2211
9048
2213
2214
15303
15304
12125
12126
14479
14480
12129
12130
12131
12132
12133
12134
12135
12136
12137
12138
14398
14399
14400
14401
14402
14403
14404
14405
14406
14407
14408
14409
14410
14411
14412
14413
14414
14415
14416
14417
14418
14419
14420
14421
7552
7553
7554
7555
7556
7557
7558
7559
7560
7561
7562
7563
7564
7565
7566
7567
7568
7569
7570
7571
7572
7573
7574
7575
15821
7577
7578
7579
7580
7581
7582
7583
7584
7585
7586
7587
7588
7589
11730
4343
4344
4345
7594
7595
7596
7597
4350
4351
4352
4353
4354
4355
4356
4357
14412
4359
14414
4361
2862
2863
2864
2865
2866
12587
12588
4859
2491
4861
4862
4863
4864
4865
2497
4867
4868
4869
4870
4871
4872
59
60
61
4876
63
64
65
66
67
68
69
70
71
72
73
74
75
76
77
1373
1374
1375
1376
1377
1378
1379
6433
6972
1382
6974
6975
4904
13894
15567
15568
4908
4909
4910
4911
4912
4913
4914
9839
9840
9841
1014
3044
3045
3046
3047
3048
8693
13828
8695
13830
13831
13832
13833
13834
13835
13836
13837
13838
13839
13840
13841
13842
13843
13844
13845
13846
13847
13848
13849
13850
13851
13852
13853
13854
13855
13856
13857
13858
13859
13860
13861
13862
13863
13864
13865
11429
11430
11431
11432
11433
11434
11435
11436
11437
11438
11439
11440
11441
11442
11443
11444
11445
11446
11447
11448
11449
11450
11451
11452
11453
11454
11455
11456
11457
11458
11459
11460
11461
11462
11463
11464
11465
11466
11467
11468
11469
11470
15061
11472
15063
15064
15065
15066
15067
15068
15069
13917
948
11482
10613
12139
12140
10616
10617
10618
10619
10620
10621
10622
10623
10624
13932
13933
13934
13935
13936
13937
13938
13939
13940
13941
13942
13943
13944
11508
11509
13947
11511
13949
10483
10484
10485
10486
10487
10488
10489
10490
3744
10492
3746
10494
10495
10496
10497
10498
10499
10500
10501
10502
10503
10504
10505
10506
10507
10508
10509
10510
10511
10512
1010
1011
1012
1013
1014
1015
1016
1017
1018
1019
1020
1021
1022
1023
1024
1025
1026
1027
1028
1029
1030
1031
1032
1033
1034
1035
1036
1037
1038
1039
1040
1041
1042
1043
1044
11604
11605
4101
11607
2529
2530
2531
1052
1053
1054
12024
12025
10372
10522
10523
9609
10525
10526
10527
9613
9614
10530
10531
9617
9618
9619
9620
8763
8764
8765
8766
8767
8768
8769
8770
8771
8772
13433
3661
13435
10549
13437
14870
14871
14872
14873
14874
5687
1906
5689
5690
5691
5692
5693
13450
13451
14859
14860
14861
14862
14863
14864
14865
14866
14867
14868
14869
14870
14871
13465
1272
1273
1274
1275
1716
1717
5021
5022
1720
1721
1722
1723
1724
1725
1726
1727
1728
1729
1730
1731
1732
11936
11937
11938
11939
11940
11941
11942
11943
11944
11945
11946
1137
1138
1139
1140
1141
1142
11953
1144
1145
1146
1147
1148
14942
1150
11520
11962
11963
11964
11965
11966
11967
11968
12087
392
393
394
14529
14957
14958
14532
14960
14961
14962
14963
14964
14965
14966
14967
14968
14969
14543
14971
14972
14973
14974
14975
415
416
417
418
419
420
421
422
423
424
425
426
427
428
429
430
431
1825
433
434
435
436
437
4340
4341
440
441
442
443
444
4347
4348
4349
4350
4351
4352
4353
4354
4355
4356
4357
4358
4359
4360
4361
4362
4363
4364
4365
4366
4367
1859
1860
1861
4371
4372
4373
4374
4375
4376
4377
4378
4379
4380
4381
4382
4383
4384
4385
4386
4387
4388
4389
4390
4391
4392
4393
4394
4395
4396
4397
4398
4399
4400
4401
4402
4403
4404
4405
4406
4407
706
707
708
709
710
711
712
713
714
715
4418
4419
1911
342
343
344
345
346
347
4427
4428
4429
4430
4431
4432
4433
4434
4435
4436
4437
4438
4439
4440
4441
4442
4443
15407
15408
4446
4447
7855
15412
15413
11375
7859
4453
4454
4455
4456
4457
7865
7866
7867
7868
7869
7870
9773
7872
15429
7874
7875
7876
7877
7878
7879
7880
7881
7882
7883
7884
9787
7886
9789
15444
15445
2203
15447
2205
7893
7894
7895
2209
2210
2211
1054
2213
2214
2215
2216
9806
9807
2219
2220
2221
2222
2223
2224
2225
2226
2227
2228
1071
1072
1073
1074
1075
1076
1077
1078
1079
1080
9828
9829
1910
1911
1912
1913
1914
1915
1916
1917
1918
14623
14624
14625
13847
13848
13849
13850
14630
14631
14632
14633
14634
14635
14636
14637
14638
13860
13861
14641
14642
14643
14644
14645
14646
935
14648
14649
14650
939
14652
14653
942
14655
14656
14657
14658
14659
14660
14661
14662
14663
952
953
954
955
956
957
958
959
13177
13178
13179
13180
13181
13182
15053
14679
14680
14681
14682
14683
14684
14685
14686
14687
14688
14689
14690
14691
14692
14693
14694
14695
14696
14697
14698
14699
14700
14701
14702
14703
14704
14705
14706
2334
14708
14709
2337
14711
14712
2340
2341
2342
2343
2344
2345
2346
2347
2348
2349
11382
2351
2352
2353
11386
11387
11388
11389
11390
11391
11392
11393
11394
2363
11396
11397
11398
11399
11400
3597
3598
11403
7498
7992
2478
2479
2480
5683
5684
2483
2484
2613
2486
2842
2843
2844
780
781
782
783
784
785
13163
787
13165
789
790
791
792
13170
13171
795
796
13174
13175
13176
800
5713
5714
5715
5716
5717
5718
5719
5720
809
5722
5723
5724
5725
5726
2880
2881
2882
2883
2884
2885
10395
10396
2888
2889
2890
2891
10401
10402
2894
10404
5428
5429
1692
6098
2900
6100
6101
11173
2904
2905
2906
2907
4640
4641
4642
4643
4644
4645
4646
4647
4648
4649
4650
4651
4652
4653
4654
4655
4656
4657
6125
4659
4660
4661
4662
4663
4664
4665
4666
5996
6254
6255
6256
6257
6258
9473
9474
9475
6262
9477
9478
9479
9480
9481
9482
9483
9484
9485
9486
6154
9488
9489
9490
9491
9492
9493
9494
9495
9496
9497
6027
6028
6029
6030
6031
9503
9504
9505
9506
9507
9508
9509
7239
4645
4646
4647
4648
4649
4650
4651
13921
13922
7249
3025
3026
13926
13927
13928
13929
13930
13931
13932
13933
3035
13935
13936
13937
6325
6326
6327
6328
13942
13943
13944
13945
8456
8457
8458
8459
8460
8461
8462
8463
8464
8465
8466
8467
8468
8469
8470
8471
9001
8473
9003
8475
8476
8477
8478
8479
8480
8481
8482
8483
8484
8485
3685
3686
1334
2437
8629
2439
8631
15581
15582
8634
2544
8636
8637
8638
8639
2549
9031
15591
15592
3704
9035
2555
9004
11904
11905
11906
11907
11908
11909
11910
11911
11912
11913
3718
3719
3720
11917
11918
11919
11920
11921
11922
11923
11924
11925
5840
11927
11928
11929
11930
12316
12317
12318
12319
12320
12321
5136
5137
5138
12325
32
33
34
35
36
37
38
39
40
5149
5150
5151
5152
45
46
47
48
49
50
51
52
53
54
55
56
5165
5166
5167
5168
5169
5170
5171
5172
5173
5174
5175
5176
5177
5178
5179
5180
5181
5182
5183
5184
5185
5186
5187
5188
5189
5190
5191
5192
8000
8001
8002
8003
8004
8005
8006
8007
8008
8009
8010
8011
8012
8013
8014
8015
8647
5210
5211
3102
8651
3104
3105
3106
3107
3108
3109
3110
3111
3112
3113
3114
3115
3116
3117
3118
3119
3120
3121
13060
13061
8454
8455
8456
15922
15923
15924
15925
8461
13070
8463
15929
15930
15931
15932
13076
13077
15935
15936
1942
1943
15939
15940
1946
3547
15943
3549
13088
13089
13090
13091
13092
13093
13094
13095
13096
13097
13098
3561
3562
3563
3564
3565
3566
3567
3568
3569
3570
3571
3572
3573
3574
3575
1673
1674
3578
3579
3580
3581
3582
3583
3584
1682
13758
1684
13760
13761
4809
9481
4811
4812
4813
4814
4815
4816
4817
4818
4819
4820
4821
4822
4823
13777
13778
4826
4827
6835
6836
6837
6838
6839
6840
6841
6842
6843
6844
6845
6846
6847
6848
6849
6850
6851
6852
6853
6854
6855
6856
6857
6858
6859
6860
6861
6862
6863
6864
6865
6866
4024
4025
6869
6870
6871
6872
6873
6874
6875
6876
6877
6878
6879
6880
6881
6882
6883
6884
6885
6886
6887
1477
6889
1479
1480
1481
1482
1483
1484
1485
1486
1487
1488
1489
1490
1491
1492
1493
1494
1495
1496
1497
1498
1499
1500
1501
1502
1503
1504
1505
1506
1507
1508
1509
1510
1511
1512
1513
1514
1515
1516
1517
1518
1519
5388
5389
5390
5391
5392
1525
5394
5395
5396
5397
5398
5399
5400
5401
5402
5403
5404
5405
5406
5407
5408
5409
5410
5411
5412
5413
5414
5415
5416
5417
5418
5419
5420
5421
5422
5423
5424
5425
5426
5427
5428
5429
5430
5431
5432
5433
5434
5435
5436
5437
5438
5439
4793
4794
5442
5443
5444
5445
5446
5447
5448
5449
5450
5451
5452
5453
5454
5455
5456
5457
5458
5459
5460
5461
4815
4816
4817
4818
4819
4820
4821
4822
4823
4824
4825
4826
4827
4828
4829
1581
1582
1583
1584
12587
12588
12589
12590
12591
12592
12593
12594
12595
12596
12597
12598
12599
12600
12601
12602
12603
12604
12605
12606
12607
12608
8111
4356
4357
4358
4359
4360
4361
4362
4478
4364
4365
4366
4367
4368
4369
4370
4371
4372
4373
4374
4375
4376
4377
4378
4379
4380
4381
4382
4383
4384
4385
4386
4387
14139
4389
4390
14142
14143
4393
4394
11830
4396
2758
4398
11834
11835
11836
11837
11838
15708
11840
15710
15711
12622
12623
11845
12625
12626
12627
12628
1876
15720
1878
1879
15723
15724
15725
15726
15727
15728
15729
15730
15731
15732
15733
15734
15735
15736
15737
15738
15739
15740
15741
15742
6616
15386
15387
15388
15389
15390
15391
15392
15393
15394
15395
15396
15397
15398
15399
15400
5129
13855
13856
13857
8315
361
5135
363
5137
5138
5139
5140
5141
5142
5143
5144
5145
5146
5147
5148
5149
5150
5151
5152
380
381
5155
5156
5157
5158
5159
5160
5161
5162
5163
5164
5165
5166
5167
5168
5169
5170
5171
5172
5173
5174
5175
5176
5177
5178
5179
5180
5181
5182
5183
5184
5185
5186
5187
5188
5189
5190
5191
5192
5193
5194
5195
5196
5197
5198
5199
5200
5201
9126
9127
9128
9129
9130
9131
9132
9133
9134
9135
9136
9137
9138
9139
9140
9141
9142
9143
2486
2487
2488
2489
2490
9149
9150
9151
9152
13409
13410
13411
13412
13413
13414
13415
13416
13417
13418
13419
13420
13421
13422
13423
13424
13425
13426
13427
13428
556
13430
13431
13432
13433
13434
13435
13436
13437
13438
13439
13440
13441
13442
13443
13444
13445
13446
13447
13448
13449
13450
13451
12272
12273
12274
12275
12276
12277
12278
12279
12280
12281
12282
12283
12284
12285
12286
12287
12288
12289
12290
12291
12292
12293
12294
12295
12296
12297
12298
12299
12300
12301
12302
12303
12304
12305
12306
12307
299
300
301
302
12312
12313
12314
12315
12316
12317
12318
12319
12320
12321
12322
12323
12324
12325
12326
12327
12328
12329
12330
12331
12332
12333
12334
12335
12336
12337
12338
12339
12340
12341
12342
12343
2918
2919
2920
12347
12348
2923
2924
2925
2926
2927
2928
2929
2930
2931
2932
2933
2934
2935
2936
2937
2938
2939
2940
4629
4630
2943
2944
2945
2946
2947
2948
2949
2950
2951
2952
2953
2954
2955
2956
2957
2958
2959
2960
2961
2962
2963
8460
8461
2966
2967
2968
2969
2970
8467
8468
8469
8470
8471
8472
8473
8474
8475
2980
2981
2982
2983
2984
2985
2864
8050
8051
8052
8053
8054
8055
8056
8057
507
508
509
510
511
512
513
514
515
516
517
518
519
520
521
522
523
524
525
526
527
528
529
530
531
532
533
534
535
536
537
538
539
540
541
542
8094
544
8096
8097
8098
8099
8100
8101
8102
8103
8104
8105
8106
8107
8108
8109
8110
8111
8112
8113
1947
1948
1949
1950
1951
1952
1953
1954
1955
1956
1957
1958
1959
1960
1961
1962
8130
8131
8132
3801
3802
1968
3804
3805
5247
5248
1973
1974
5251
1976
5253
5254
5255
5256
5257
5258
5259
5260
5261
5262
5263
5264
5265
5266
5267
5268
5269
5270
5271
5272
5273
5274
5275
5276
5277
15033
7660
7661
7662
7663
7664
2585
16179
2587
2588
2589
2590
2591
631
632
2594
634
635
636
637
2599
2600
2601
7682
7683
7684
7685
2606
2607
2608
4184
4185
4186
4187
4188
4189
4190
4191
4192
4193
4194
4195
660
661
662
4199
664
665
666
667
668
669
670
671
672
673
674
675
676
677
678
679
680
681
682
683
14395
14396
686
4986
3907
3908
3026
3027
3028
3029
3030
3031
3032
3033
3034
3035
3036
8647
8648
8649
8650
8651
14732
9467
14734
3787
3788
8145
12024
8147
2579
2580
8150
8151
8152
8153
14598
8155
8156
8157
8158
8159
5076
6171
5078
5079
14608
14609
1749
14611
12036
5118
12038
14763
14764
5122
14766
8175
8176
8177
12046
9505
9506
12049
9508
5132
5133
5134
10148
10149
10150
10151
10152
13951
5141
13953
7128
7129
7130
7131
13958
7422
7423
7424
7425
7426
7427
7428
7429
10169
10170
10171
10172
7434
6707
6708
12639
12640
9542
9543
9544
11120
12645
12646
12647
12648
12649
12650
9552
9553
9554
12654
12655
9557
12657
12658
12659
12660
12661
12662
12663
12664
12665
6736
6737
4374
4375
4376
4377
4378
2936
6744
2938
6746
6747
6748
6749
6750
6751
6752
6753
6754
4391
4392
4393
6758
6759
6760
6761
6762
6763
13281
13282
13283
13284
5094
5095
5096
5097
5098
5099
13291
12705
12706
12707
15087
15088
15089
15090
15091
15092
15093
15094
15095
15096
15097
15098
15099
15100
5118
5119
5120
5121
5122
5123
5124
7354
7355
9509
4796
4797
7359
7360
14560
14561
14562
14563
14564
14565
14566
14567
14568
14569
14570
14571
14572
14573
14574
14575
14576
14577
14578
14579
14580
12794
12795
12796
12797
12798
12799
12800
12801
12802
12803
12804
10774
10775
10776
10777
10778
10779
10780
10781
10782
10783
10784
10785
10786
10787
10788
10789
10790
10791
10792
10793
7459
10795
10796
10797
5440
5441
5442
5443
5444
5445
5446
5447
5448
5449
5450
5451
5452
5453
1527
1528
3718
1530
1531
3721
3722
1534
1535
1536
5199
1538
5201
5202
1541
5204
5205
5206
16178
5208
16180
3737
3605
3606
3607
3608
3609
3610
1555
1556
1557
1558
1559
8684
8685
3618
3619
15140
3621
3622
3623
3624
12008
12009
12010
12011
3629
456
15933
15934
9371
12017
3768
3769
12020
12021
12022
12023
12024
3642
3643
3644
3645
3646
3647
3648
3649
3650
3651
3652
3653
3654
3655
3789
3790
3791
3792
3793
3794
3795
3796
3797
3798
15968
15969
15970
3669
3670
3671
3672
15975
15976
15977
16001
16002
16003
16004
16005
16006
16007
16008
2644
2645
2646
5886
1015
1016
1017
1018
2652
2653
2654
2655
2656
2657
2658
2659
1027
1028
1029
1030
1031
16030
1033
1034
1035
1036
1037
1038
1039
1040
1041
1042
1043
1044
1045
1046
1047
1048
1049
1050
1051
1052
1053
1054
1055
1056
1057
1058
1059
1060
13677
13678
13679
13680
13681
16064
13683
13684
15265
16068
16069
16070
16071
16072
16073
15272
16075
16076
16077
16078
16079
16080
16081
16082
1085
1086
1087
1088
1089
1090
1091
1092
1093
8168
9597
15067
15068
15069
9601
9379
9603
9381
9382
9383
9384
9385
7040
7041
2553
4315
4316
2556
3777
3778
2559
2560
3781
2562
3783
3784
3785
3786
3787
3788
3789
3790
3791
3792
3793
12988
12989
4658
12991
12992
12993
3800
3801
12996
12997
12998
3805
3806
3807
3808
13003
13004
13005
13006
13007
13008
13009
13010
13011
3818
13013
13014
13015
13016
13017
13018
13019
13020
13021
13022
5784
5785
5786
5787
5788
5789
5790
5791
5792
5793
4380
9021
5796
5797
9024
9025
9026
9027
9028
9029
9030
9031
9032
9033
9034
9035
9036
9037
9038
9039
9040
9041
9042
9043
9044
9045
9046
9047
9048
9049
9050
9051
9052
9053
9054
9055
9056
9057
9058
9059
9060
9061
9062
9063
9064
9065
9066
9067
4995
4996
4997
4998
4999
5000
5848
5849
5850
5851
5005
6324
3899
3900
3901
3902
4558
4559
4560
4561
3907
3908
14064
14065
14066
14067
14068
14069
14070
14071
14072
14073
14074
14075
14076
14077
14078
9105
14560
14561
14562
14563
14564
14565
14566
14567
14568
14569
14570
14571
14572
14573
14574
14575
14576
14577
14578
14579
14580
14581
14582
15413
15414
15415
14586
14587
14588
14589
14590
14591
14592
14593
14594
14595
14596
14597
15428
15429
15430
15431
15432
15433
6159
6160
6161
15437
15438
15439
15440
15441
15442
15443
15444
15445
15446
15447
14618
14619
1363
1364
1365
1366
14624
14625
1369
14627
12132
12133
11890
1374
1375
11893
11894
1378
1379
1380
1381
1382
1383
1384
1385
1386
1387
1388
1389
1390
1391
1392
1393
1394
11912
11913
11914
11915
11916
11917
11918
11919
11920
11921
11922
11923
11924
11925
11926
11927
11928
11929
11930
11931
11932
11933
11934
11935
2709
2710
4808
4809
4810
4811
4812
352
353
354
355
5678
5679
5680
5681
5682
5683
5684
5685
5686
5687
12951
16018
16019
16020
16021
16022
16023
16024
12959
16026
16027
12962
12963
12964
12965
12966
12967
5705
8745
5707
5708
16038
16039
16040
16041
16042
5714
4854
4855
4856
4857
4858
4859
4860
4861
4862
4863
3890
4865
4866
4867
4868
4869
4870
4871
4872
4873
4874
4875
4876
4877
4878
1009
1010
1011
1012
1013
1014
1015
1016
1017
1018
3832
11546
11547
13034
13035
13036
13037
13038
13039
13040
11555
11556
11557
11558
11559
11560
11561
13048
11563
6783
6784
6785
8895
8896
8897
8898
8899
8900
8901
7228
7229
7230
7231
7232
7233
7234
7235
7236
6802
6803
7239
7240
7241
7242
7243
15849
7245
7246
15852
15853
7249
15855
7251
15857
15858
15859
15860
15861
7257
7258
7259
7260
7261
7262
7263
7264
15254
15255
15256
15257
15258
15259
15260
7272
7273
15263
7275
15265
15266
15267
15268
15269
15270
12767
12768
15273
15274
15275
15276
15277
15278
15279
13120
13121
13122
13123
13124
13125
13126
13127
13128
13129
15290
13131
15292
15293
15294
15295
15296
15297
15298
15299
15300
15301
13142
13143
13144
15305
15306
15307
15308
15309
14575
14576
10360
15893
10362
10363
10364
10365
10366
10367
10368
10369
10370
10371
10372
10373
10374
10375
10376
10377
3460
3461
3462
3463
3464
3465
3466
3467
3468
3469
3470
6953
6954
3473
4084
10393
10394
4087
4088
4089
4090
7037
7038
7039
248
249
250
251
252
253
254
255
256
257
258
259
260
261
262
2173
2174
2175
2176
2177
2178
2179
2180
2181
2182
2183
2184
2185
2186
2187
2188
2189
2190
2191
2192
2193
2194
2195
2196
2197
2198
2199
2200
2201
2202
2203
2204
2205
2206
2207
2208
2209
2210
2211
2212
2213
2214
2215
2216
2217
2218
2219
2220
2221
2222
2223
2224
2225
2226
2227
2228
2229
2230
2231
2232
2233
2234
2235
2236
2237
2238
2239
2240
2241
2242
2243
2244
2245
2246
2247
2248
2249
2250
2251
2252
2253
2254
2255
2256
2257
2258
2259
2260
2261
2262
2263
2264
2265
2266
2267
2268
2269
2270
2271
2272
2273
2274
2275
2276
2277
2278
2279
2280
2281
2282
2283
2284
2285
2286
2287
2288
2289
2290
2291
2292
2293
2294
2295
2296
2297
2298
2299
2300
327
2302
2303
330
331
332
333
11208
335
336
337
10919
339
340
341
11216
11217
11218
11219
11220
11221
10939
2323
10941
10942
10943
10944
10945
10946
10947
10948
10949
10950
10951
10952
10953
10954
2338
10956
2340
13613
13614
13615
2344
2345
2346
2347
13620
5740
5741
3268
3269
3270
5745
5746
5747
5748
5749
5750
5751
5752
5753
12443
5755
5756
5757
5758
5759
5760
5761
5762
5763
5764
5765
5766
5767
5768
5769
5770
5771
5772
5773
5774
5775
5776
5777
1269
5779
1271
1272
5782
1274
1275
1276
4574
4575
1279
5669
5670
1282
4580
4581
4582
1286
1287
4585
5678
5679
5680
6038
5682
5683
8823
8824
8825
5687
8827
8828
8829
6048
8831
8832
6051
1979
1980
11579
9085
9086
5700
1985
6267
1987
1988
1989
1990
1991
1992
1993
1994
1995
1996
1997
1998
1999
2000
2070
2002
6284
3424
3425
3426
7424
7425
7426
7427
7428
13959
13960
13961
2084
2085
2086
2087
2088
2089
2090
2091
13970
13971
7524
13973
13974
13975
13976
13977
13978
13979
13980
13981
12814
12815
12816
12817
12818
12819
12820
12821
12822
12823
12824
12825
12826
12827
12828
12829
12830
12831
12832
12833
12834
12835
12836
12837
12838
12839
12840
8553
12842
12843
8556
12845
12846
8559
4637
12849
12850
12851
12852
12853
12854
12855
12856
12857
12858
12859
12860
12861
12862
12863
12864
12865
12866
12867
12868
12869
12870
12871
12872
12873
12874
12875
12876
12877
12878
10550
10551
10552
12882
10554
10555
10556
10557
10558
10559
10560
10561
10562
10563
10564
10565
10566
10567
10568
10569
10570
10571
10572
10573
10574
10575
10576
10577
10578
10579
10580
10581
10582
10583
10584
10585
10586
10587
10588
10589
10590
10591
10592
10593
10594
10595
10596
10597
15880
15881
15882
15883
15884
15885
15886
15887
15888
15889
15890
15891
10610
10611
3958
10613
10614
3961
3962
3963
3964
3965
3966
3967
10622
3969
3970
3971
10626
10627
10628
10629
3976
3977
3978
3979
3980
3981
15830
3983
3984
15833
15834
15835
15836
15837
15838
15839
15840
15841
15842
15843
15844
15845
15846
15847
15848
15849
15850
15851
15852
15853
9973
10572
15856
15857
15858
15859
15860
15861
15862
9982
9983
15865
15866
9986
9987
9988
9989
9990
9991
8520
8521
9994
8523
7993
14793
7995
7996
7997
7998
7999
8000
8001
8002
8003
8004
8005
14805
14806
14807
14808
14809
14810
15373
14812
14813
15376
15377
15378
15379
4851
15381
15517
15518
15384
15385
4857
15387
4859
4860
15390
15391
15392
15393
15394
15395
15396
15397
15398
15399
15400
15401
15402
15403
15404
4267
12074
12075
12076
12077
12078
12079
15412
15413
15414
3954
3955
8151
15418
15419
3260
3261
3262
3263
3264
3265
4288
4289
4290
4291
15782
15783
9946
9947
3024
11424
3026
3027
7927
7928
7929
3031
3032
15996
15997
15998
7304
7305
7306
7307
7308
7309
7310
7311
7312
8809
8810
7315
7316
1544
7318
1546
7533
7534
1549
1550
1551
1552
1553
1554
1555
1556
1557
1558
1559
7546
7547
7548
7549
7550
1565
1566
1567
1568
1569
1570
1571
7558
7559
1574
1575
1576
1577
1578
7565
7566
7567
7568
7569
7570
7571
7572
7573
7574
7575
7576
7577
7578
14927
7580
14929
7582
14827
14932
6458
6459
14935
14936
14937
14938
14939
14940
14941
14942
14943
14944
7911
14946
7913
7914
8903
13595
13596
13597
13598
13599
8909
8910
8911
8912
1480
1481
5245
5246
5247
5248
5249
5250
5251
5252
5253
5254
5255
5256
5257
5258
8929
8930
8931
10308
10309
10310
10311
10312
10313
10314
10315
10316
5271
5272
5273
5274
5275
5276
5277
5278
5279
5280
5281
5282
5283
5284
5285
5286
5287
13025
13026
10376
13028
13029
13030
13031
13032
5296
13034
13035
13160
13161
13162
13163
2959
13041
13042
13043
13044
13045
13046
13047
10992
13049
13050
13051
13052
13053
13054
13055
13056
13057
13058
3776
3777
3778
3779
3780
3781
11009
2658
2659
11012
2661
13889
13890
13891
13892
13893
2667
13895
13896
13727
13728
13899
13900
13901
13902
13903
13734
13735
13906
13907
13908
13909
13910
13911
13912
13913
13914
13915
13916
13917
13918
13919
13920
13921
13922
13923
13924
13925
13926
13927
13928
13929
13930
13931
13932
13933
13934
13935
13936
13937
13938
13939
13940
13941
13942
13943
13944
13945
13946
13947
2103
2104
13950
13951
2107
13953
13954
2110
2111
2112
2113
2114
2115
2116
2117
2118
6813
6814
6815
6816
6817
6818
6819
6820
6821
6822
1003
6824
6825
1006
1007
6828
6829
6830
6831
6832
1013
2140
11783
11784
11785
11786
11787
11788
11789
11790
2149
11792
7657
3190
3191
7660
3193
7662
7663
7664
7665
7666
7667
7668
7669
7670
7671
7672
7673
7674
7675
7676
7677
7678
7679
7680
11108
7682
7683
1862
7685
11113
11114
11115
11116
11117
1869
15087
535
536
7695
7696
12191
12192
12193
12194
12195
12196
12197
12198
12199
12200
12201
12202
12203
12204
12205
12206
12207
12208
12209
12210
12211
12212
12213
12214
12215
12216
12217
12218
12219
12220
12221
12222
12223
12224
12225
12226
12227
12228
12229
12230
12231
12232
12233
12234
12235
12236
12237
12238
12239
12240
12241
12242
12243
12244
12245
12246
12247
12248
12249
15166
15167
15168
15169
15170
15171
15172
15173
15174
15175
15176
15177
15178
15179
15180
15181
15182
15183
7613
12269
7615
7616
7617
3036
3037
3038
3039
3040
15194
3042
7625
7835
7627
7628
15200
278
279
7632
7633
7634
7635
7636
285
7638
7639
7640
7641
7642
7643
4806
4807
4808
4809
4810
4811
4812
4813
4814
4815
4816
4817
4818
12210
12211
4821
4822
4823
128
12216
4826
12218
4828
477
478
479
480
481
482
483
484
485
486
487
488
489
490
491
492
493
494
495
496
497
498
499
500
501
502
503
504
505
506
507
508
509
510
511
512
513
14316
515
516
517
273
274
275
276
277
278
279
6631
11379
527
528
529
530
531
532
533
588
589
590
591
592
593
11393
11394
11395
11396
11397
599
11399
11400
602
603
604
605
606
607
608
12618
610
611
12621
12622
12623
12624
12625
617
12627
12628
7204
15495
4732
4733
4734
4735
15500
15501
15502
12638
12639
15505
15506
15507
12643
15509
12645
12646
12647
12648
12649
12650
12651
12652
15518
12654
12655
10024
10025
15523
15524
15525
15526
15527
15528
15529
15530
15531
15532
15533
15534
10038
1563
10040
982
1566
1567
1568
1569
1570
1571
1572
1573
1574
1575
1576
13350
1578
13352
10056
10057
10058
13356
6032
6033
6034
6035
6036
6037
6038
6039
6040
6041
6042
6043
6044
6045
6046
6047
6048
6049
6050
6051
6052
6053
6054
6055
6056
6057
6058
8152
8153
6061
6062
6063
8157
8158
8159
8160
8161
8162
8163
8164
8165
8166
8167
8168
8169
8170
8171
8172
8173
8174
8175
8176
8177
8178
8179
8180
8181
8182
4624
4625
4626
4627
4628
4629
4630
9680
9681
9682
9683
4635
5378
9686
9687
9688
9689
9690
9691
9692
5386
5387
9695
5389
5390
5391
9592
5609
5610
5611
5396
5397
5398
5399
2795
5617
5618
5619
5404
7030
7031
7032
7033
7034
7035
7036
7037
7038
7039
4673
4674
4675
7043
2814
2815
2816
2817
2818
2819
7050
7051
2917
2918
2919
2920
7056
7057
7058
7059
7060
7061
7062
7063
2834
2835
2836
7080
7081
7082
7083
7084
7085
15023
5636
5637
5638
5639
707
5641
709
710
711
712
713
714
715
716
717
718
719
2424
13565
2426
2427
2428
13569
13570
13571
13572
13573
13574
13575
13576
13577
13578
5668
5669
5670
13582
13583
13584
13585
13586
13587
13588
13589
13590
13591
13592
13593
13594
13595
13596
13597
13598
13599
13600
13601
13602
13603
2670
2671
13606
13607
14885
13609
14887
14888
14889
14890
14891
14892
14893
13617
13618
13619
13620
13621
13622
13623
13624
13625
13626
13627
13628
13629
13630
13631
13632
6914
6915
13635
6917
13637
13638
6920
6921
6922
6923
13643
13644
13645
13646
13647
13648
13649
13650
13651
2548
2549
2550
2551
2552
2553
2554
13088
13089
2557
2558
2559
2560
2561
13095
2563
2564
2565
13099
13100
13101
13102
13103
13104
13105
13106
14262
14263
14264
14265
14266
14267
14268
7665
7666
14271
7668
7669
7670
7671
7672
7673
7674
7675
7676
7677
7678
2854
2855
2856
2857
1857
1858
1859
1860
1861
1862
1863
1864
5223
5224
5225
5226
5227
10519
10520
10521
10522
10523
10524
10525
10526
10527
10528
10529
10530
10531
10532
10533
10534
10535
10536
10537
10538
10539
10540
10541
14808
10543
10544
10545
10546
10547
10548
10549
10550
10551
10552
10553
10554
10555
10556
10557
10558
10559
10560
10561
10562
10563
10564
10565
10566
10567
10568
15164
15165
15166
10572
15168
15169
15170
15171
15172
15173
15174
15175
15176
5022
5023
15179
15180
15181
15182
15183
15184
15185
15186
15187
5033
4476
4255
4256
4257
4480
4481
4482
15196
5042
5043
15199
15200
4266
4267
4268
4269
4270
4271
4272
4273
4274
4275
4276
4277
4278
4279
4280
4281
1806
15029
15030
15031
15032
15033
15034
15035
15036
15037
6341
6342
11910
11911
11912
15043
11914
11915
11916
11917
11918
11919
11920
11921
11922
3482
3483
3484
11926
3486
3487
3488
3489
3490
3491
3492
3493
3494
3495
3496
3497
3498
3499
3500
3501
3502
3503
3504
3505
3506
3507
3508
3509
3510
3511
3512
3513
3514
3515
3516
3517
3518
3519
3520
3521
3522
3523
3524
3525
3526
3527
3528
3529
3530
3531
3532
3533
3534
3535
13278
13279
13280
13281
13282
13283
13284
13285
13286
13287
13288
13289
13290
13291
13292
13293
6804
6805
6806
13297
13298
13299
13300
6811
13302
13303
13304
13305
13306
13307
13308
13309
13310
13311
13312
13313
13314
13315
13316
13317
13318
13319
13320
13321
13322
13323
13324
13325
13326
13327
13328
854
855
856
857
13333
13334
13335
13336
13337
13338
13339
13340
13341
13342
13343
13344
13345
13346
13347
13348
13349
13350
13351
13352
13353
13354
13355
13356
3551
3552
15451
15452
12761
3556
6237
6238
6239
6240
11305
11306
11307
11308
11309
11310
11311
11312
6963
6964
6965
6966
15596
15597
11319
14210
14211
14212
14213
14214
4
5
6
7552
7553
7554
7555
7556
7557
7558
7559
7560
7561
7562
7563
7074
8238
12661
14252
2649
2650
2651
12666
2653
2654
14259
12670
12671
12672
12673
12674
12675
12676
12677
12678
12679
12680
12681
12682
12683
12684
12685
10720
12687
12688
10072
10724
10725
10726
10727
10728
12695
14286
14287
2166
2167
2168
2169
2170
2171
2172
2173
2174
2175
2176
2177
2178
2179
2180
2181
2182
2183
2184
14307
5771
5772
10103
10104
10105
10106
10107
10108
10109
15494
15495
15496
15497
8405
13335
8407
8408
685
8410
14599
14600
14601
14602
2270
2271
693
694
6377
2275
2276
2277
2278
2279
2280
2786
7242
14304
14305
10434
7087
10436
10437
1711
1712
2941
2942
2943
15974
15975
9516
15977
15978
15979
15980
15981
7103
9523
15984
15985
15986
15987
8996
8997
8998
8999
9000
9001
9002
9003
9004
9005
9006
15999
9008
9009
9010
9543
9544
9545
9546
9015
9016
9017
9018
9019
9020
9021
9022
9023
9024
9025
9026
9027
9028
9029
9030
9031
9032
9033
9034
9035
9036
9037
9038
9039
9040
9041
9042
9043
8604
8605
8606
8607
8608
8609
8610
8611
8612
8613
8614
8615
8616
8617
8618
8619
8620
8621
8622
12676
12677
12678
12679
12680
12681
12682
12683
12684
12685
12686
12687
12688
5336
5337
5338
5339
5340
5341
12695
12696
12697
12698
12699
12700
12701
12702
12703
12704
12705
12706
12707
12708
12709
12710
12711
12712
12713
12714
12715
9103
12717
12718
12719
12720
12721
12722
5370
5371
5372
5373
5374
5375
5376
525
526
4290
4291
4292
4293
4294
4295
4296
4297
4298
4299
4300
4301
4302
4303
4304
4305
4306
4307
4308
12184
12185
12186
12187
12188
12189
12190
3045
3046
3047
3048
5197
3050
12197
12198
3053
12200
12201
12202
12203
6067
3059
3060
3061
3062
3063
6073
4745
3066
12302
6953
6078
6955
6956
6081
6958
6083
15169
15170
2284
15172
15173
2287
2288
2289
2290
2291
2292
2293
2294
2295
2296
2297
2298
2299
2300
2301
2302
2303
2304
2305
2306
2307
2308
2309
2310
2311
2312
2313
2314
2315
2316
2317
2318
2319
2320
2321
2322
2323
2324
2246
6128
6129
12267
2250
2251
2252
11486
2254
2334
11489
11490
11491
11492
11493
11494
11495
11496
11497
11498
11499
11500
11501
11502
11503
11504
11505
11506
11507
11508
11509
8581
8582
8583
8584
8585
8586
8587
8588
8589
8590
8591
2859
2860
2861
11165
11166
4098
4099
4100
4101
4102
4103
4104
4105
4106
4107
4108
4109
10329
4111
4112
5195
5196
2203
5198
5199
5200
5201
5202
5203
5204
8946
388
389
390
391
392
393
394
395
396
397
10353
10354
10355
10356
10357
10358
10359
10360
10361
10362
8666
8667
8668
8669
8670
15516
414
15518
416
417
418
419
420
421
15525
15526
15527
425
426
427
11214
11215
11216
15534
15535
15536
15537
15538
15539
15540
15541
15542
15543
15544
15545
15546
15547
15548
15549
15550
15551
15552
15553
15554
15555
15556
15557
15558
15559
15560
15561
15562
15563
15564
15565
15566
7092
15568
15569
15570
15571
15572
7098
15574
15575
15576
15577
15578
15579
15580
15581
7107
7108
7109
7110
7111
7112
7113
5878
5879
5880
5881
5882
5883
5884
5885
5886
5887
5888
5889
5890
5891
5892
5893
5894
5895
5896
5897
5898
5899
5900
5901
5902
5903
5904
5905
5906
5907
5908
4620
5910
4834
4835
4836
4837
4838
4839
4840
4841
4842
4843
4844
4845
4846
4847
4848
15637
15638
9154
9155
14376
9157
9158
9159
9160
9161
9162
9163
14384
14385
14386
14387
14388
14389
14390
14391
14392
14393
14394
14395
14396
14397
14398
14399
14400
14401
14402
14403
14404
14405
14406
14407
14408
14409
2049
2050
2051
2052
2053
12981
9378
9379
2057
14419
14420
14421
4687
14423
14424
4690
4691
4692
4693
4694
2069
4696
14432
4698
533
14435
14436
536
537
538
539
14441
6734
6735
14444
4710
4711
4386
4387
11927
11928
11929
11930
11931
11932
11933
11934
11935
11936
11937
11938
11939
11940
11941
11942
11943
11944
11945
11946
11947
11948
11949
11950
11951
11952
11953
11954
11955
11956
11957
11958
11959
11960
11961
11962
11963
11964
11965
11966
11967
11968
14293
14294
14295
11972
14297
14298
14299
14300
14301
14302
14303
14304
11981
8844
8845
11984
8847
8848
7282
8850
8851
7285
7286
7287
8855
8856
8857
4597
4598
4599
4600
4601
4602
4603
8865
3841
3842
3843
3844
7303
14333
14334
3848
3849
14337
3851
3852
3853
3854
3855
3856
3857
3858
3859
3860
3861
3862
8888
8889
8890
8891
8892
8893
8894
8895
8896
3872
5828
5829
5830
5831
5832
5833
5834
4266
5836
4268
4269
4270
5840
3886
3887
3888
5978
5979
5980
5847
8825
3894
3895
3896
3897
3898
3899
4368
4369
4370
4371
4372
4373
4374
4375
4376
4377
4378
4379
4380
4381
7651
4383
4384
4385
4386
4387
7972
7973
7659
7660
7661
7662
7663
7664
7665
7666
7667
7668
7669
7670
7671
404
7673
7674
7675
7676
7677
7678
7679
9307
9308
9309
9310
9311
5585
9313
419
420
1105
1106
10503
9319
9320
9321
5595
5596
5597
5598
5599
5600
5601
5602
5603
5604
5605
5606
5607
5608
5609
5610
5611
11506
11507
11508
11509
11510
11511
11512
11513
11514
11515
11516
11517
11518
11519
11520
11521
10781
10782
11524
11525
11526
11527
11528
11529
11530
11531
11532
11533
11534
11535
11536
11537
11538
5187
11540
11541
11542
11543
11544
11545
13792
11547
11548
11549
11550
11551
11552
11553
11554
11555
11556
11557
11558
11559
11560
11561
11562
11563
11564
11565
11566
11567
9540
9541
9542
9543
9544
9545
9546
9547
9548
9549
9550
9551
9552
9553
9554
9555
9556
9557
9558
9559
9560
9561
9562
9563
9564
9565
9566
9567
9568
9569
9570
9571
9572
9573
9574
9575
9576
9577
9578
3239
3240
3241
3242
7312
7313
7314
7315
7316
7317
7318
7319
7320
7321
7322
7323
7324
7325
7326
7327
7328
7329
7330
7331
7332
7333
7334
7335
9607
9608
9609
9610
9611
9612
9613
9614
9615
9616
9617
9618
9619
9620
5010
5011
5012
5013
8851
8852
5016
9628
5018
4351
7360
7361
4354
4355
4356
4357
4358
4359
4360
4361
4362
4363
4364
4365
4366
4367
1039
4369
4370
4371
4372
4373
4374
4375
162
163
164
4379
166
1052
168
169
1055
1056
1057
1058
1059
1060
176
177
178
1064
1065
1066
1067
1068
1069
1070
1071
5212
5213
1074
1075
1076
1077
1078
1079
1080
5221
5222
1083
1084
1085
1086
1087
5228
5229
5230
5231
1092
1093
5234
5235
5236
5237
5238
5239
5240
5241
1102
1103
1104
1105
1106
1107
1108
1109
1110
1111
1112
1113
1114
1115
13428
13429
13430
13431
13432
13433
13434
13435
13436
13437
5266
5697
5698
5699
5700
5701
5702
6382
5704
5705
5706
6386
6387
6388
6389
6390
6391
6392
6393
6394
6395
6396
6397
6398
6399
6400
6401
6402
6403
6404
6405
6406
2408
2409
2410
2411
2412
2413
2414
2415
2416
2417
9235
9236
9237
9238
9239
9240
9241
9242
9243
9244
9245
9246
9247
9223
9224
9225
2919
9227
9228
13291
4267
13293
13294
13295
13296
13297
13298
13299
13300
13301
4179
4180
4181
13305
13306
4184
4185
4186
15884
5757
4189
5759
4191
4192
4193
4194
12911
12912
12913
12914
12915
12916
12917
12918
12919
12920
12921
10847
10848
5777
12925
12926
12927
12928
12929
12541
12542
12543
12544
12545
12546
12547
12548
12549
12550
12551
12552
4180
4181
12555
12556
12557
4185
12559
12560
10383
9296
10385
10386
1727
9300
10389
1730
4144
4145
4146
4147
4148
4149
4150
4151
4152
9312
9313
9314
9315
9316
9317
9318
9319
9320
9321
9322
9323
9324
9325
9326
9327
9328
9329
9330
9331
9332
9333
9334
9335
9336
9337
9338
9339
9340
9341
9342
4554
4555
4556
4557
4558
5787
5788
1557
1558
1559
1560
1561
9355
9356
9357
1565
1566
1567
1568
1569
8753
4699
289
290
291
292
293
16172
295
296
297
298
16177
16178
16179
16180
16181
16182
16183
16184
16185
13514
13515
13516
13517
13518
313
314
315
316
317
318
319
320
321
322
323
324
325
326
327
328
329
330
331
332
333
2743
2744
2745
2746
2747
2748
2749
2750
2751
2752
2753
2754
2755
2756
2757
2758
2759
2760
2761
2762
2763
2764
2765
2766
2767
2768
2769
2770
2771
2772
2773
2774
2775
2776
2777
2778
2779
2780
2781
2782
2783
2784
2785
2786
2787
2788
2789
2790
2791
2792
2793
2794
2795
2796
2797
2798
2799
2800
2801
2802
2803
2804
2805
2806
2807
2808
2809
2810
2811
2812
2813
2814
2815
2816
2817
2818
2819
2820
2821
2822
2823
2824
2825
2826
2827
2828
2829
2830
2831
12854
12855
12856
5690
5691
12859
5693
5694
12862
12863
12864
12865
12866
12867
12868
12869
12870
12871
12872
12873
12874
12875
12876
12877
12878
12879
12880
12881
12882
12883
12884
12885
7034
12887
12888
7037
7038
7039
7040
7041
7042
7043
7044
7045
7046
7047
7048
7049
7050
7051
7052
7053
7054
7055
7056
7057
7058
7059
7060
7061
7062
7063
7064
7065
7066
7067
7068
7069
7070
1877
1878
1879
1880
1881
1882
1883
1884
1885
1886
1887
1888
1889
1890
1891
7999
7087
8001
3852
3853
3854
8005
3856
3857
3858
8009
8010
8011
8012
8013
8014
8015
4029
4030
4031
4032
8020
8021
11771
11772
11773
11774
11775
11776
8028
11778
8030
8031
11781
11782
11783
11784
11785
8037
8038
8039
8040
8041
8042
8043
8044
11794
11795
8047
11797
11798
8050
8051
8052
8053
8017
2819
2820
2821
2822
2823
2824
2825
2826
2827
2828
2829
2830
2831
2832
15383
2834
2835
2836
2837
2838
4628
4629
4630
4631
4632
4633
4634
2846
4636
4637
2849
2850
2851
2852
2853
2854
4644
4645
4646
4647
4648
2860
2861
2862
2863
2864
2865
2866
2867
2868
2869
2870
2871
2872
2873
2874
2875
2876
2877
2878
2879
2880
8605
8606
4309
2974
2975
4525
4526
2978
8613
8614
8615
2982
8975
13187
15283
15284
15285
15286
15287
4326
4327
4328
4329
12409
12410
12411
12412
4334
12414
12415
12416
12417
15301
15302
4341
4342
4343
4344
4345
4346
4347
4348
4349
10414
10415
10416
10417
10418
10419
4356
4357
4358
4359
4605
4361
4362
4363
4364
4365
4366
4367
11526
12448
11528
11529
11530
11531
11532
11533
11534
11535
7090
7091
7092
7093
7094
7095
11542
11543
11544
11545
11546
4634
4635
4636
4637
4638
11552
11553
11554
11555
11556
11557
11558
11559
11560
11561
11562
11563
11564
11565
9498
11567
6875
6876
11570
12723
11423
11424
11425
11426
11427
11428
11429
11430
11431
11432
11433
11434
11435
11436
11437
11438
11439
13552
11441
11442
12744
3896
11445
11446
11447
3900
12750
3902
3903
932
3905
934
935
3908
3909
13031
13032
13033
13034
13035
13036
13037
13038
13039
13040
13041
13042
13043
13044
13045
13046
13047
13048
7993
7994
12243
13052
7997
13054
13055
13056
13057
13058
13059
13060
13061
13062
13063
13064
13065
13066
13067
13068
13069
13070
13071
13072
13073
14171
14172
14173
14174
14175
14176
14177
14178
14179
14180
14181
14182
14183
14184
14185
14186
14187
14188
14189
14190
14191
14192
14193
14194
14195
14196
14197
14198
14199
848
849
850
851
14204
14205
14206
14207
14208
14209
14210
14211
14212
14213
14214
14215
14216
14217
14218
14219
14220
14221
14222
14223
14224
14225
14226
14227
9890
15953
15954
13093
13094
13095
13096
13097
13098
13099
13100
268
13102
13103
3312
1751
3260
3315
3316
3317
3849
3850
3851
3852
3853
3854
3855
1261
1262
1263
1264
1265
1266
1267
1268
1269
1270
1271
1272
1273
1274
1275
1276
1277
1278
14273
14274
14275
14276
14277
14278
14279
14280
14281
9944
7886
8216
8217
8218
15168
15169
13151
13152
13153
13154
13155
13156
13157
13158
15178
13160
1069
1070
619
15183
621
15185
623
624
15188
15189
627
628
629
630
631
6735
9977
9978
9979
636
564
565
4931
4932
568
569
570
4936
4937
4938
4939
575
576
577
578
14686
4945
4946
655
656
657
658
659
4952
661
662
663
664
665
666
667
668
10378
7955
10380
10381
10382
10383
7960
7961
7962
7963
7964
10389
10390
10391
10392
10393
10394
10395
10396
10397
10398
10399
10400
10401
10402
10403
10404
10405
10406
10407
10408
10409
7986
7987
7988
7989
7990
7991
7992
7699
7994
7995
7996
7997
10422
10423
10424
10425
10426
8548
8549
10429
10430
10431
10432
10433
10434
7959
7960
7961
7962
7963
7964
7965
7966
7967
7968
7969
7970
4731
4732
4733
7974
4735
7976
7977
7978
7979
7980
5164
1185
1186
1187
1188
7986
1190
7988
7989
7990
7991
7992
7993
7994
7995
7996
7997
7998
7999
8000
8001
8002
8003
8004
8882
8006
8007
8885
8886
8887
8888
8889
8890
8891
8892
8893
12343
549
12345
12346
12347
12348
12349
12350
556
557
558
559
560
561
562
563
564
565
566
567
568
569
570
571
572
573
574
575
576
11759
578
579
580
581
582
583
584
585
586
587
588
589
590
591
592
593
594
595
596
597
598
599
600
601
602
603
604
605
606
607
608
609
610
611
612
613
614
615
616
617
618
619
620
621
622
623
624
625
626
627
628
629
630
631
632
633
634
635
636
637
638
639
640
10030
10031
10032
10033
10034
10035
10036
10037
10038
12357
10040
11203
10042
10043
10044
10045
10046
10047
10048
10049
10050
10051
10052
10053
11216
15588
5769
11219
15591
15592
15593
11223
167
168
169
170
171
15600
15601
15602
15603
15604
177
178
11236
11237
11238
182
183
184
185
186
187
188
189
190
191
192
193
194
195
196
197
198
199
200
201
202
203
204
205
206
207
208
209
210
13843
212
213
11248
13847
13848
13849
13850
13851
11254
10111
10112
10113
10114
10115
10116
13859
13860
3924
11643
3926
3927
3928
3929
3930
13868
3932
3933
3934
3935
11275
11276
11277
3939
3940
11280
11281
11282
11283
11284
11285
11286
11287
11667
11289
11290
11291
11292
11293
11294
11295
11296
11297
11298
11299
11300
11301
13864
13865
13866
13867
13868
13869
13870
13871
11310
13873
13874
13875
13876
13877
13878
13879
13880
13881
13882
13883
13884
13885
13886
13887
5977
5978
5979
5980
5981
5982
5983
5984
5985
5986
5987
5988
5989
5990
5991
5992
5993
5994
5995
5996
5997
5998
5999
6000
6001
6002
6003
6004
6005
6006
6007
6008
13920
13921
5759
5760
5761
15626
15627
15628
6837
6838
4731
4732
4733
6842
4735
4736
4737
4738
4739
4740
5777
5778
5779
5780
5781
5782
5783
5784
5785
17
4733
3871
3872
3873
3874
3875
3876
3877
3878
3879
3880
3881
3882
3883
6873
6874
14995
14996
11154
11155
11156
11157
11158
11159
11160
11161
11162
11163
14506
11165
15019
15020
15021
11169
11170
15024
11172
15026
15027
15028
15029
15030
15031
15032
